   -0.12698605
   -0.24087141
   -0.35135381
    0.11303747
   -0.03758707
   -0.24258034
    0.03347674
   -0.19900095
   -0.53700775
    0.08506906
   -0.01879681
   -0.51742365
    0.05225370
   -0.15944705
   -0.51119585
   -0.04619342
   -0.06837868
   -0.34868727
   -0.01931134
   -0.07480869
   -0.50430910
   -0.00093255
   -0.18552355
   -0.46605370
    0.02296831
   -0.17339571
   -0.00356490
   -0.11812083
   -0.04175425
   -0.07208912
    0.02503109
   -0.12317594
   -0.11801629
    0.07123022
    0.35896678
    0.02118240
    0.25663903
    0.03060534
    0.27775235
    0.01050374
   -0.01447977
   -0.12084500
   -0.11401463
    0.24935306
    0.15383605
   -0.06926887
   -0.00271075
    0.29214152
   -0.07866226
   -0.01118855
    0.10138340
   -0.03313831
   -0.03929009
   -0.11459463
   -0.11966774
   -0.01058014
   -0.07052860
   -0.06415327
   -0.08781288
    0.10719882
    0.00430195
    0.01046604
    0.06574329
   -0.01327804
   -0.07136016
   -0.06707685
   -0.02395125
    0.02855478
   -0.05696670
   -0.06213705
    0.04528026
   -0.06350906
   -0.28464163
    0.04896181
    0.07017116
    0.05032194
    0.02114474
    0.03362887
    0.07039993
    0.04180856
    0.05060339
    0.05693385
    0.05420698
    0.06589115
    0.05555397
    0.04967021
    0.04441379
    0.05505823
    0.04714022
    0.05856025
    0.04829354
    0.04587514
    0.05183004
    0.04950034
    0.04861221
    0.03841341
    0.05829961
    0.05800447
    0.08135871
    0.17577197
    0.08677901
    0.21613125
    0.07003197
    0.05654082
    0.05649764
    0.04631144
    0.04539594
    0.05676132
    0.03329448
    0.04432872
    0.06204743
    0.06537235
    0.07012443
    0.08033281
    0.01689733
    0.04052953
    0.03563217
    0.01460541
    0.05280488
    0.04544002
    0.03947993
    0.04858986
    0.04770500
    0.05524606
    0.06111798
    0.05194508
    0.07684101
    0.07816315
    0.07341724
    0.07449346
    0.07999289
    0.08163059
    0.08739874
    0.06496071
    0.08711122
    0.04695041
    0.05066477
    0.01807732
    0.01475794
    0.04198648
    0.04632419
    0.05778496
    0.08160279
    0.05656638
    0.07020398
    0.06233420
    0.05063970
    0.06495552
    0.03215154
    0.02171327
    0.03235308
