           1           4  0.99899340389887514     
           3           4  0.95198673177956561     
           3           7  0.98719649928788411     
           2          10   1.4241150025042715     
           4          10  0.97546181971755419     
           8          11   1.0048865516551624     
           2          13   1.4365071480820006     
          14          15  0.19758186614812964     
          10          16  0.10993489398029969     
          13          16   1.4207083303091244     
          12          17  0.19938132811495726     
          16          19   1.4467785998089924     
           9          20  0.19168238020095443     
          11          21  0.19273685995528894     
          10          22   1.3601257444178121     
          13          22  0.11019919693638924     
          19          22   1.3987329016082881     
           6          24  0.17829583216553826     
           5          25   1.1658536611229937     
          22          25   1.0234528340211297     
           5          27  0.98765925224646289     
          27          28   1.0049909171868046     
          25          29   1.5134171452541376     
          29          30   1.0187280955620410     
          30          31  0.96725534695649307     
          31          32  0.99800175499318988     
          31          33  0.99791963808465478     
           6          34  0.91702950506464465     
          31          34  0.97999108708718419     
           6          35   1.1841822009591665     
          24          35   1.7017976178173644     
           8          36  0.99347581621173697     
          35          36  0.94995968042278067     
          11          37   1.2839898806677421     
          21          37   1.6192198399008313     
          14          38  0.98422027111134691     
          37          38  0.93366070200063012     
          14          39   1.3188567316680575     
          15          39   1.6146306980630896     
          17          40  0.95605574754935319     
          39          40  0.93119270954878741     
          40          41  0.97237403554816149     
          41          42   1.0082025678389563     
          41          43   1.0060319134382847     
          12          44   1.5884587902498104     
          17          44   1.3225675055162263     
          44          45  0.93082034283672077     
          45          46  0.97447184903033124     
          20          47  0.98843242698385025     
          46          47  0.99382404449053752     
           9          48   1.5619570734872954     
          20          48   1.2695441303079702     
          48          49   1.0337631074448212     
          49          50   2.7492556821590188     
          23          51  0.96729082037491820     
          50          51   1.0182961897314338     
          23          52   1.0154881783909371     
          23          53   1.0137555914808847     
          51          54  0.96246436282093983     
          51          55  0.97305865550017390     
          20          56  0.98810683139156408     
          45          57  0.97922191422617322     
          56          57  0.99706489302053847     
          17          58  0.98594343696820608     
          38          59  0.98430623444784660     
          18          60  0.97365308922460403     
          59          60  0.98037257422253654     
          26          61   1.0068455015205904     
          60          61  0.97777716007745297     
          26          62  0.98910489656628942     
          18          63  0.97500095875952286     
          62          63  0.99488676128330222     
          11          64  0.96191292726262656     
          64          65   1.0027989563671926     
          36          66  0.96121760064582706     
          65          66   1.0064092035919456     
          29          67   1.2100566948418268     
           5          68   1.1699316729332045     
          67          68   1.2297949567291897     
          68          69   1.3426033027087798     
          69          70   1.4856701704507591     
          26          71   1.0256481265025552     
          70          71   1.3348360368558854     
          67          72   1.3400355288118142     
          69          72  0.10929692710064252     
          71          72   1.4401702829557474     
          45          73  0.89326561442533581     
           1          74  0.98176257025938496     
           1          75  0.98227984115250255     
           1          76  0.98280649424636890     
           4          77  0.95379587973394997     
           7          78  0.97649144512995723     
           7          79  0.97725326163297987     
           7          80  0.97655189226973549     
          13          81  0.96251860079607288     
          16          82  0.96740140521451634     
          19          83  0.96697920366610335     
          27          84  0.96241434531153514     
          27          85  0.96845730610829950     
          28          86  0.98641800323275364     
          28          87  0.98663599546873404     
          28          88  0.98362218913570088     
          30          89  0.96872760303716543     
          30          90  0.96271449407377285     
          32          91  0.98475770795605200     
          32          92  0.98414976555841638     
          32          93  0.98428504089708913     
          33          94  0.98276677525498068     
          33          95  0.98437112610650357     
          33          96  0.98184610992412436     
          34          97  0.96609954820697463     
          34          98  0.96001908395690960     
          36          99  0.94635816873215783     
           8         100  0.93086245021393310     
          38         101  0.93784906703391502     
          14         102  0.91813289842101731     
          40         103  0.95375254690521893     
          41         104  0.96314012555059692     
          42         105  0.98417179473513983     
          42         106  0.98534753566179145     
          42         107  0.98273879975833001     
          43         108  0.98410706926824976     
          43         109  0.98321789799216930     
          43         110  0.98574538299301406     
          46         111  0.97152013071666243     
          46         112  0.96497566557742998     
          47         113  0.96312221435820899     
          47         114  0.96439699488284458     
          52         115  0.97388975795020882     
          52         116  0.98059420526850660     
          52         117  0.97957881101770516     
          53         118  0.97250959202464982     
          53         119  0.97918317271970179     
          53         120  0.98022332869107287     
          54         121  0.98520244950901614     
          54         122  0.98450759734893112     
          54         123  0.98054790327967423     
          55         124  0.98439934795602757     
          55         125  0.97948559779506328     
          55         126  0.98346772477800215     
          56         127  0.96028117281367864     
          56         128  0.96133601793379553     
          57         129  0.97027792952958580     
          57         130  0.96963664009374784     
          58         131  0.97105493602409210     
          58         132  0.96677340021406999     
          58         133  0.96728634965430604     
          59         134  0.97186259265491048     
          59         135  0.96107112677689244     
          60         136  0.96160270900418077     
          61         137  0.97238779328071845     
          61         138  0.96194985409592304     
          62         139  0.96475070103167793     
          62         140  0.97171563638227354     
          63         141  0.96237985062583320     
          63         142  0.96933582873698243     
          64         143  0.96374332722162870     
          64         144  0.96390830033589880     
          65         145  0.97009109689800577     
          65         146  0.97478628993651706     
          66         147  0.97528497545976656     
          66         148  0.97246845958216488     
          69         149  0.96571608965349520     
          70         150  0.96945340571500616     
          72         151  0.95979313597315796     
