   -0.12759895
   -0.24089565
   -0.35546636
    0.11535789
   -0.04453910
   -0.24256827
    0.02978240
   -0.20726449
   -0.53512169
    0.08552647
   -0.01266808
   -0.51984285
    0.05204294
   -0.15997173
   -0.49101227
   -0.04746153
   -0.06353801
   -0.35196898
   -0.02024371
   -0.08101935
   -0.50353508
   -0.00173586
   -0.18321344
   -0.46121889
    0.02090074
   -0.14437768
   -0.00519106
   -0.11565417
   -0.04513177
   -0.06915840
    0.02403594
   -0.11507407
   -0.11809975
    0.06014498
    0.36089415
    0.02031329
    0.25652150
    0.02360224
    0.27957290
    0.00557391
   -0.01452109
   -0.12060894
   -0.11805020
    0.25279645
    0.15337631
   -0.06578360
    0.00057936
    0.29177273
   -0.08011632
   -0.00938416
    0.10103752
   -0.03429745
   -0.04034838
   -0.12090978
   -0.11727737
   -0.00630813
   -0.08054123
   -0.06604284
   -0.07390292
    0.11502210
   -0.01256656
   -0.00990773
    0.07593872
   -0.01739909
   -0.07034945
   -0.06922026
   -0.02741786
    0.02333175
   -0.05637917
   -0.06615064
    0.04992860
   -0.07904483
   -0.28438628
    0.05039091
    0.05467256
    0.06722357
    0.01706449
    0.03851031
    0.06886833
    0.04655418
    0.04759568
    0.05289314
    0.05054906
    0.06448275
    0.05764570
    0.03920398
    0.05394748
    0.04779445
    0.04364592
    0.04859425
    0.05090490
    0.03808448
    0.04020591
    0.04857734
    0.04306960
    0.04733085
    0.06311708
    0.07705617
    0.06446054
    0.18694076
    0.08938880
    0.20769217
    0.07521261
    0.05964219
    0.04327225
    0.04303136
    0.05746598
    0.03828127
    0.03999299
    0.05861449
    0.06879218
    0.06356357
    0.05925142
    0.07593104
    0.01223438
    0.03766230
    0.04436767
    0.04377399
    0.05202398
    0.01734892
    0.05128056
    0.05953291
    0.05943214
    0.03968951
    0.05452368
    0.04732640
    0.07856033
    0.07058904
    0.08269336
    0.07180868
    0.08555204
    0.08303918
    0.08393244
    0.06246430
    0.06972666
    0.02287246
    0.06418067
    0.05058520
    0.05871231
    0.05646207
    0.05863339
    0.02042595
    0.08338747
    0.06612103
    0.06991776
    0.05527114
    0.06156356
    0.05569670
    0.02862093
    0.02782971
    0.02907306
