           1           4  0.99611569906769548     
           3           4  0.95304979128959033     
           3           7  0.98216831339825716     
           2          10   1.4176495855732210     
           4          10  0.97640940476653848     
           8          11   1.0034697903078091     
           2          13   1.4429129906843778     
          14          15  0.20057066928992126     
          10          16  0.10865281854981659     
          13          16   1.4134773616028664     
          12          17  0.20403427689061523     
          16          19   1.4540694445746569     
           9          20  0.19146247452206125     
          11          21  0.19420952298163049     
          10          22   1.3624098327824163     
          13          22  0.10821222022378309     
          19          22   1.3880243231991196     
           6          24  0.18503905275324994     
           5          25   1.1649064932047266     
          22          25   1.0319139068903163     
           5          27  0.98876308554196513     
          27          28   1.0046958905002512     
          25          29   1.5044436475641378     
          29          30   1.0190911720591849     
          30          31  0.96587093592291584     
          31          32  0.99763729972320947     
          31          33  0.99705861295205578     
           6          34  0.91381758230030152     
          31          34  0.97456306259364889     
           6          35   1.1995641517991791     
          24          35   1.7017021069128535     
           8          36  0.97577782319411421     
          35          36  0.93942246700085574     
          11          37   1.2916523009982090     
          21          37   1.6128416023167829     
          14          38  0.98903328886302921     
          37          38  0.94323899091609875     
          14          39   1.3157479619807055     
          15          39   1.6246722958728821     
          17          40  0.95268523142805162     
          39          40  0.92497646524140875     
          40          41  0.97704824904586118     
          41          42   1.0078738144659165     
          41          43   1.0064158734441160     
          12          44   1.5891378854660720     
          17          44   1.3290229176781572     
          44          45  0.92365262145110072     
          45          46  0.98518016942452991     
          20          47  0.98493434122241719     
          46          47   1.0008762003231209     
           9          48   1.5700611506160880     
          20          48   1.2596628682856283     
          48          49   1.0359342064599888     
          49          50   2.7424164161279974     
          23          51  0.97151293194594879     
          50          51   1.0223488466917461     
          23          52   1.0169693116928396     
          23          53   1.0137064759605257     
          51          54  0.96543397737621695     
          51          55  0.96088588866662439     
          20          56  0.98793691267988426     
          45          57  0.97747532046364050     
          56          57  0.99704893249064430     
          17          58  0.98834808152101084     
          38          59  0.96617560520579371     
          18          60  0.96567117478885789     
          59          60  0.99076447107685872     
          26          61   1.0009170065676531     
          60          61  0.97472631150337474     
          26          62  0.99209630870792775     
          18          63  0.97801425226366923     
          62          63  0.98766182738694286     
          11          64  0.96375493361098363     
          64          65   1.0007635704130944     
          36          66  0.97623682378326437     
          65          66   1.0074570619950445     
          29          67   1.2128323692347780     
           5          68   1.1578837427629014     
          67          68   1.2433662836479169     
          68          69   1.3286620296997360     
          69          70   1.5110215711932522     
          26          71   1.0933521742052936     
          70          71   1.2934131853381854     
          67          72   1.3244750580493914     
          69          72  0.10275873180273548     
          71          72   1.4196461838374612     
          45          73  0.88867644250509248     
           1          74  0.98102435047320669     
           1          75  0.98170319219279689     
           1          76  0.98261364315029498     
           4          77  0.95742981442746522     
           7          78  0.97848603777136955     
           7          79  0.97747433173604514     
           7          80  0.97760986333485156     
          13          81  0.96265320259003195     
          16          82  0.96783251609867849     
          19          83  0.96691182639032425     
          27          84  0.96091509101025530     
          27          85  0.96849818269368593     
          28          86  0.98650646205090542     
          28          87  0.98395463128844030     
          28          88  0.98693757900775558     
          30          89  0.96868292288226532     
          30          90  0.96669548088945056     
          32          91  0.98445662411591839     
          32          92  0.98572991476556382     
          32          93  0.98478378319061854     
          33          94  0.98433442929625103     
          33          95  0.98294530255800161     
          33          96  0.98152792799871658     
          34          97  0.96559390492158803     
          34          98  0.95740187805390620     
          36          99  0.95601686627811477     
           8         100  0.93124912172069407     
          38         101  0.94377324528040518     
          14         102  0.91394691205386924     
          40         103  0.94898100328560464     
          41         104  0.96353737046925148     
          42         105  0.98580513438932282     
          42         106  0.98370734266892779     
          42         107  0.98408430802043312     
          43         108  0.98539072222704227     
          43         109  0.98630769616290515     
          43         110  0.98377504788826342     
          46         111  0.97071575534373167     
          46         112  0.97097509956052019     
          47         113  0.96168431918770403     
          47         114  0.96569863503265396     
          52         115  0.97221550907340115     
          52         116  0.97686063922617894     
          52         117  0.98068729637144814     
          53         118  0.98007829107620581     
          53         119  0.97877898110208761     
          53         120  0.97355065853264322     
          54         121  0.98353203670137690     
          54         122  0.97694470694649671     
          54         123  0.98468583719222058     
          55         124  0.98499411937265657     
          55         125  0.98019461691512322     
          55         126  0.98452100865644732     
          56         127  0.95934967739930666     
          56         128  0.96131422940907718     
          57         129  0.96468894875764444     
          57         130  0.97051751832259514     
          58         131  0.96734303454445159     
          58         132  0.96805035271319850     
          58         133  0.96587822183432692     
          59         134  0.97174678953536464     
          59         135  0.96311481370631280     
          60         136  0.95232739269514288     
          61         137  0.95942102906090077     
          61         138  0.96649225063333133     
          62         139  0.96439611666025171     
          62         140  0.96838319571749232     
          63         141  0.96454852843693439     
          63         142  0.96566075626737657     
          64         143  0.96376156976097915     
          64         144  0.96372994698769476     
          65         145  0.97012711316589195     
          65         146  0.97544182519603517     
          66         147  0.97215093267299713     
          66         148  0.97339393009181963     
          69         149  0.96510151344410677     
          70         150  0.96371900036036728     
          72         151  0.95748193471472220     
