   -0.12682066
   -0.23923745
   -0.35248041
    0.11547729
   -0.03668166
   -0.24463319
    0.03078494
   -0.19872977
   -0.54338337
    0.08555261
   -0.01803614
   -0.51601538
    0.05251392
   -0.15854122
   -0.49695518
   -0.04635294
   -0.06518529
   -0.34114756
   -0.01962808
   -0.07755375
   -0.50900121
   -0.00103905
   -0.17792721
   -0.46318866
    0.02324421
   -0.18566251
   -0.00568245
   -0.11753092
   -0.03987253
   -0.07212420
    0.02547206
   -0.12333886
   -0.11839589
    0.07084446
    0.35842470
    0.02071549
    0.25762270
    0.02933898
    0.27856352
    0.00423573
   -0.01352897
   -0.11765918
   -0.11680884
    0.25123600
    0.15370242
   -0.06661465
   -0.00207378
    0.28963811
   -0.08420389
   -0.02079286
    0.10146104
   -0.03904956
   -0.03877669
   -0.12358205
   -0.11730574
   -0.00705263
   -0.07819515
   -0.06857008
   -0.08830387
    0.10913694
    0.00640163
    0.01172146
    0.06450457
   -0.01347499
   -0.07077515
   -0.06747887
   -0.02462212
    0.03025744
   -0.05693099
   -0.05981318
    0.04555818
   -0.05951584
   -0.28512379
    0.06854454
    0.05095306
    0.05168582
    0.01610112
    0.03599746
    0.06907119
    0.04560308
    0.05037668
    0.05635683
    0.05426181
    0.06697612
    0.05676375
    0.04916470
    0.04302060
    0.05489294
    0.04864367
    0.05795198
    0.05228598
    0.04929263
    0.04640802
    0.04936737
    0.03861850
    0.04897297
    0.05853834
    0.05906728
    0.08034658
    0.17732068
    0.09042169
    0.20544213
    0.07999128
    0.05636122
    0.04038621
    0.05797657
    0.04133224
    0.05655953
    0.03777072
    0.04162241
    0.06862099
    0.06506338
    0.06408012
    0.07625159
    0.00654856
    0.04828098
    0.04953456
    0.05343709
    0.00433387
    0.04851434
    0.06971754
    0.04744887
    0.05311356
    0.05221876
    0.04484657
    0.06386677
    0.07796840
    0.07476944
    0.08231203
    0.06748495
    0.07962716
    0.09261367
    0.07840297
    0.05998902
    0.08808640
    0.04135946
    0.04543715
    0.01773863
    0.01393287
    0.04042172
    0.04597672
    0.06079271
    0.07966038
    0.05823307
    0.06936183
    0.06044546
    0.05100751
    0.06550008
    0.03159244
    0.02040026
    0.03555039
