           1           4  0.99567587010411540     
           3           4  0.95409913964719140     
           3           7  0.98422627032153609     
           2          10   1.4209462469302196     
           4          10  0.97652312254646567     
           8          11   1.0054494410162704     
           2          13   1.4405482048875777     
          14          15  0.19874010664568548     
          10          16  0.10964774415561908     
          13          16   1.4165606941447226     
          12          17  0.20610148995358038     
          16          19   1.4501030859568202     
           9          20  0.19128333965111666     
          11          21  0.19357510666694761     
          10          22   1.3612209440312051     
          13          22  0.10930426076288015     
          19          22   1.3946049083257275     
           6          24  0.17822712759375020     
           5          25   1.1620207247576901     
          22          25   1.0265662530629893     
           5          27  0.98803161541473661     
          27          28   1.0050680024287262     
          25          29   1.5137910522932359     
          29          30   1.0193677908016670     
          30          31  0.96626539917230647     
          31          32  0.99744685021394586     
          31          33  0.99736126229574540     
           6          34  0.91605357056475467     
          31          34  0.98157548854747712     
           6          35   1.1835557965308561     
          24          35   1.7039903380080708     
           8          36  0.99306687528346260     
          35          36  0.95040979266437065     
          11          37   1.2825646679326053     
          21          37   1.6178201162723747     
          14          38  0.98529184701061800     
          37          38  0.93767767696965754     
          14          39   1.3088467270457578     
          15          39   1.6292360634052800     
          17          40  0.95703458669117680     
          39          40  0.93033371180905278     
          40          41  0.97356559567191803     
          41          42   1.0087427145952006     
          41          43   1.0065655336146591     
          12          44   1.5930705672119509     
          17          44   1.3271891249770174     
          44          45  0.92293922021329866     
          45          46  0.98517098519578628     
          20          47  0.98683216826570530     
          46          47  0.99739754289535210     
           9          48   1.5595662870417228     
          20          48   1.2688478330487973     
          48          49   1.0335451012202599     
          49          50   2.7436525844553605     
          23          51  0.96005740214478630     
          50          51   1.0149611131570346     
          23          52   1.0138322210627300     
          23          53   1.0151317698874296     
          51          54  0.97074694249026372     
          51          55  0.97648571911233939     
          20          56  0.98958112799458409     
          45          57  0.97641468730839509     
          56          57  0.99424921129697630     
          17          58  0.98760679119044736     
          38          59  0.98009860784729919     
          18          60  0.97640209660064325     
          59          60  0.98013532115536472     
          26          61   1.0045233859811773     
          60          61  0.97877518376962547     
          26          62  0.98853975004882666     
          18          63  0.97555093963792361     
          62          63  0.99501469011353627     
          11          64  0.96393765682135424     
          64          65   1.0020381229941366     
          36          66  0.96150179801599656     
          65          66   1.0065508326135633     
          29          67   1.2119773588900378     
           5          68   1.1750191850763441     
          67          68   1.2302863600955378     
          68          69   1.3393805182883165     
          69          70   1.4889254698291865     
          26          71   1.0070355783973026     
          70          71   1.3374661413319437     
          67          72   1.3353065535728064     
          69          72  0.10865452869755016     
          71          72   1.4540612825667256     
          45          73  0.88931159103564161     
           1          74  0.98256196264319118     
           1          75  0.98162995842829914     
           1          76  0.98248523941822974     
           4          77  0.95515631222525588     
           7          78  0.97744192685985387     
           7          79  0.97764738035751386     
           7          80  0.97728796037384535     
          13          81  0.96247406686058301     
          16          82  0.96748190823645208     
          19          83  0.96657177439355202     
          27          84  0.95949791830321951     
          27          85  0.96847152562406502     
          28          86  0.98685864151710234     
          28          87  0.98564365418421329     
          28          88  0.98372868801671975     
          30          89  0.96862526135515892     
          30          90  0.96457209743238082     
          32          91  0.98433693264846267     
          32          92  0.98445038347163383     
          32          93  0.98422898345823862     
          33          94  0.98428346783401388     
          33          95  0.98221603329503926     
          33          96  0.98211984097712302     
          34          97  0.96579306402714338     
          34          98  0.96063769032009616     
          36          99  0.94629747086278926     
           8         100  0.93006681325450136     
          38         101  0.93649879686584458     
          14         102  0.92585634724597565     
          40         103  0.94484033837316139     
          41         104  0.96448984998137710     
          42         105  0.98460398270975413     
          42         106  0.98381779919942569     
          42         107  0.98620850447506458     
          43         108  0.98401769281794227     
          43         109  0.98532197029965407     
          43         110  0.98607224182708164     
          46         111  0.97079426415647740     
          46         112  0.97078773457904699     
          47         113  0.96309796267371450     
          47         114  0.96571497294588104     
          52         115  0.97539587329085076     
          52         116  0.97713481715053452     
          52         117  0.98010700646739435     
          53         118  0.97930805970805102     
          53         119  0.97560147047447843     
          53         120  0.97975026177445956     
          54         121  0.98069192794516213     
          54         122  0.98009909665712391     
          54         123  0.98386554254593550     
          55         124  0.98296404501874091     
          55         125  0.98415816882794971     
          55         126  0.98001995351529625     
          56         127  0.95968548019931799     
          56         128  0.96187448977133783     
          57         129  0.96452487037961898     
          57         130  0.97135283212911261     
          58         131  0.96513909148440002     
          58         132  0.97023663488846890     
          58         133  0.97181051783420014     
          59         134  0.97318181883143950     
          59         135  0.96073490417721319     
          60         136  0.96110981392620309     
          61         137  0.97336235024034812     
          61         138  0.96158462057157479     
          62         139  0.96448918052063193     
          62         140  0.97277360568332594     
          63         141  0.96305161883506807     
          63         142  0.96894420719721186     
          64         143  0.96429287913661588     
          64         144  0.96353798663955581     
          65         145  0.97026326700748133     
          65         146  0.97506509721010715     
          66         147  0.97544215234796172     
          66         148  0.97240196695144487     
          69         149  0.96509429591096074     
          70         150  0.96932010802148860     
          72         151  0.96110074796822587     
