#Frame       SA_00001
       1    1175.0210
       2    1172.8617
       3    1193.2301
       4    1180.9175
       5    1204.6165
       6    1192.1648
       7    1194.1479
       8    1179.8462
       9    1192.4501
      10    1184.6074
      11    1184.8583
      12    1204.4430
      13    1185.0608
      14    1197.4184
      15    1194.4376
      16    1185.4999
      17    1209.5838
      18    1175.8872
      19    1069.9130
      20    1179.2303
      21    1162.6793
      22    1194.0970
      23    1193.5049
      24    1179.3669
      25    1200.7136
      26    1203.4613
      27    1217.6481
      28    1217.7923
      29    1174.3286
      30    1208.9934
      31    1204.7284
      32    1205.0110
      33    1204.0235
      34    1203.6695
      35    1210.4735
      36    1195.8291
      37    1197.2175
      38    1213.0735
      39    1198.3237
      40    1193.2204
      41    1196.2599
      42    1223.5080
      43    1203.5202
      44    1216.6429
      45    1190.5681
      46    1166.1274
      47    1184.7676
      48    1184.5821
      49    1178.6686
      50    1168.4778
      51    1166.1295
      52    1162.0016
      53    1179.7358
      54    1177.4475
      55    1172.6219
      56    1177.0385
      57    1165.0302
      58    1164.2309
      59    1135.1869
      60    1113.2794
      61    1066.1337
      62    1123.8595
