#Frame       SA_00001
       1    1165.3007
       2    1195.2754
       3    1193.1383
       4    1161.2169
       5    1201.1965
       6    1180.1923
       7    1215.5925
       8    1203.9188
       9    1190.4472
      10    1196.1189
      11    1200.3465
      12    1096.1786
      13    1096.3482
      14    1086.4071
      15    1179.2742
      16    1196.8620
      17    1177.5940
      18    1165.4752
      19    1102.1031
      20    1161.5076
      21    1202.7968
      22    1173.2334
      23    1191.6362
      24    1155.4085
      25    1188.6352
      26    1196.7591
      27    1191.1177
      28    1203.7350
      29    1203.0232
      30    1200.1021
      31    1200.4835
      32    1200.3392
      33    1195.9041
      34    1178.5133
      35    1182.6095
      36    1202.3868
      37    1190.8880
      38    1197.5909
      39    1207.6535
      40    1178.9593
      41    1190.4520
      42    1192.0226
      43    1172.0662
      44    1181.4891
      45    1190.1475
      46    1190.4297
      47    1178.0440
      48    1202.8925
      49    1157.6577
      50    1184.8087
      51    1200.4989
      52    1174.8929
      53    1091.5854
      54    1091.2097
      55    1093.4627
      56    1101.0313
      57    1162.6602
      58    1153.4056
      59    1174.6711
      60    1189.9456
      61    1184.7744
      62    1179.1333
