#Frame       SA_00001
       1    7547.1247
       2    7686.1844
       3    7957.5416
       4    8164.0919
       5    7815.9251
       6    7914.1602
       7    7773.8582
       8    7965.2088
       9    8289.5446
      10    8302.1200
      11    7960.4907
      12    8181.9071
      13    8040.8134
      14    8171.8313
      15    7946.5376
      16    7961.6014
      17    7923.5565
      18    7813.0571
      19    8080.5221
      20    7925.4760
      21    8091.1659
      22    7688.1315
      23    7801.7539
      24    7959.2483
      25    7848.9101
      26    7814.3382
      27    8085.6817
      28    8146.7238
      29    7902.4887
      30    7871.1187
      31    8199.1334
      32    8047.4860
      33    7969.4304
      34    8131.3545
      35    7715.7049
      36    7769.3108
      37    7763.4519
      38    8165.9087
      39    7836.1609
      40    7612.4531
      41    7588.9885
      42    8044.1614
      43    7824.3082
      44    7903.1259
      45    7984.5500
      46    7966.4296
      47    8000.3019
      48    7948.0825
      49    7946.0590
      50    7861.2059
      51    7959.0799
      52    7908.2994
      53    7748.2659
      54    7947.8259
      55    7765.3785
      56    7800.3633
      57    7928.8671
      58    7965.5244
      59    8032.4579
      60    7847.5932
      61    8032.6585
      62    8136.1696
      63    7986.5831
