#Frame       SA_00001
       1    8044.0704
       2    8277.2866
       3    8209.0625
       4    8210.3239
       5    8482.4919
       6    8209.6060
       7    8307.3673
       8    8353.4894
       9    7979.1212
      10    8070.8714
      11    8086.8325
      12    8188.0006
      13    8203.7418
      14    8243.2164
      15    8346.4267
      16    8277.5023
      17    8295.6378
      18    8289.8382
      19    8263.3149
      20    8281.2712
      21    8292.1437
      22    8387.5190
      23    8276.9763
      24    8116.1027
      25    8450.6655
      26    7976.1279
      27    8202.2839
      28    7995.2198
      29    8174.0956
      30    8284.7260
      31    8110.3466
      32    8016.7339
      33    8057.0448
      34    7813.7624
      35    7771.5681
      36    7741.4153
      37    7840.7785
      38    7507.1738
      39    8086.9603
      40    8030.7010
      41    7803.3727
      42    8102.0467
      43    7882.8978
      44    8000.2949
      45    8135.2989
      46    7872.3271
      47    8277.0656
      48    8199.6378
      49    8098.7144
      50    8077.5002
      51    8312.6360
      52    8132.6521
      53    8004.8961
      54    8224.9948
      55    8097.6460
      56    7900.5290
      57    8322.7916
      58    8252.2893
      59    8329.5349
      60    8267.4028
      61    8072.2697
      62    8268.5538
