#Frame       SA_00001
       1    7971.2070
       2    8318.2670
       3    7770.5953
       4    8104.7005
       5    7995.9983
       6    7959.1315
       7    7937.8917
       8    7601.8346
       9    7743.8469
      10    7927.8498
      11    8036.7516
      12    8121.2138
      13    8170.0674
      14    8045.6630
      15    7931.2852
      16    7810.6878
      17    7909.9271
      18    7999.9010
      19    8161.2957
      20    8067.2804
      21    8090.3019
      22    8110.6373
      23    8190.5546
      24    8079.5394
      25    8119.7540
      26    8011.6496
      27    8209.0905
      28    7838.7690
      29    7997.8715
      30    8056.6546
      31    7942.4368
      32    8303.4755
      33    7904.1015
      34    8032.2139
      35    8099.5729
      36    8127.9034
      37    7987.7676
      38    8344.5251
      39    8033.6239
      40    8110.2883
      41    8154.5312
      42    8191.5473
      43    8064.0215
      44    7949.3640
      45    8077.0818
      46    7855.2722
      47    7910.4728
      48    7820.2625
      49    8249.6464
      50    8522.1368
      51    8371.4888
      52    8489.2569
      53    8411.2161
      54    8173.9947
      55    8232.8494
      56    7856.4416
      57    7960.5647
      58    8042.6478
      59    8203.2344
      60    8546.9280
      61    8370.3571
      62    8037.6488
