#Frame       SA_00001
       1    8095.0836
       2    7997.9858
       3    8465.6218
       4    8364.7012
       5    8225.6712
       6    8385.5010
       7    8755.6812
       8    8459.2551
       9    8265.8786
      10    8563.9129
      11    8269.2793
      12    8450.6319
      13    8126.0431
      14    8174.9404
      15    8662.2642
      16    8547.0227
      17    8181.7630
      18    8344.1103
      19    8324.8885
      20    8559.4813
      21    8178.8181
      22    8503.6620
      23    8433.0214
      24    8422.9002
      25    8294.9824
      26    8406.5592
      27    8332.9795
      28    8381.1792
      29    8667.7601
      30    8259.9082
      31    8444.7601
      32    8584.0072
      33    8586.3825
      34    8282.0137
      35    8477.9820
      36    8421.5564
      37    8626.9714
      38    8464.5674
      39    8377.1252
      40    8131.5346
      41    8223.2849
      42    8110.9837
      43    8252.6630
      44    8162.0450
      45    8310.8502
      46    8278.3986
      47    8434.5170
      48    8056.4369
      49    8237.6939
      50    8316.2019
      51    8339.5529
      52    8147.1424
      53    8283.6681
      54    8318.3246
      55    8364.6012
      56    8151.4158
      57    8036.7985
      58    8514.0292
      59    8665.1800
      60    8476.9253
      61    8309.3970
