#Frame       SA_00001
       1    1168.7267
       2    1163.0288
       3    1186.0404
       4    1177.1232
       5    1170.8075
       6    1166.1445
       7    1175.1877
       8    1169.4959
       9    1179.2109
      10    1168.2046
      11    1118.1165
      12    1201.9414
      13    1095.3303
      14    1110.0033
      15    1197.3885
      16    1170.3061
      17    1174.8895
      18    1175.6235
      19    1195.3268
      20    1170.8282
      21    1163.7921
      22    1171.9724
      23    1180.5945
      24    1169.7921
      25    1175.2607
      26    1155.5519
      27    1171.0180
      28    1159.7187
      29    1183.1699
      30    1180.3880
      31    1167.4660
      32    1178.7543
      33    1162.1526
      34    1176.6245
      35    1188.2724
      36    1190.0127
      37    1148.1515
      38    1173.3762
      39    1170.9775
      40    1179.9302
      41    1165.9484
      42    1165.5283
      43    1155.4434
      44    1153.6448
      45    1163.4206
      46    1155.1763
      47    1158.4641
      48    1179.1183
      49    1180.8319
      50    1184.3358
      51    1174.5871
      52    1163.8972
      53    1149.9325
      54    1172.5593
      55    1181.9318
      56    1170.6529
      57    1155.7664
      58    1179.2836
      59    1161.5609
      60    1125.5103
      61    1163.3836
