#Frame       SA_00001
       1    7851.9383
       2    7707.5438
       3    8193.1404
       4    8101.5695
       5    8005.7479
       6    8135.3232
       7    8490.3975
       8    8200.6111
       9    7996.8429
      10    8415.0113
      11    8054.5284
      12    8099.1662
      13    7980.6606
      14    7938.1827
      15    8351.5784
      16    8340.0734
      17    8018.0376
      18    8174.0847
      19    8032.2877
      20    8277.3144
      21    8030.3918
      22    8267.4804
      23    8202.0285
      24    8150.3219
      25    8097.2328
      26    8180.8991
      27    8122.1642
      28    8235.2952
      29    8396.5074
      30    7975.9642
      31    8183.7994
      32    8193.8770
      33    8364.0154
      34    8100.5780
      35    8153.1957
      36    8233.3264
      37    8280.9601
      38    8214.7912
      39    8171.2449
      40    7864.9969
      41    8002.1461
      42    7959.1213
      43    8115.7075
      44    8122.5039
      45    8203.7082
      46    8254.1809
      47    8142.5541
      48    7796.4206
      49    7968.2259
      50    8048.0487
      51    8133.4579
      52    7936.9165
      53    8015.9629
      54    8169.5094
      55    8220.5080
      56    8033.4190
      57    7961.6382
      58    8323.8992
      59    8431.0692
      60    8292.7984
      61    8077.2319
