#Frame       SA_00001
       1    8003.1848
       2    8011.4252
       3    7834.7104
       4    7803.8249
       5    8147.1277
       6    7942.6148
       7    7834.6344
       8    8008.6136
       9    8330.1671
      10    8243.8708
      11    8108.7549
      12    8184.9671
      13    7903.3668
      14    8040.2642
      15    8053.2543
      16    8312.3665
      17    7952.6159
      18    8307.3357
      19    8183.7997
      20    8029.8339
      21    8085.9560
      22    8204.2922
      23    8060.2962
      24    8195.1423
      25    8015.8240
      26    7978.4265
      27    8006.1750
      28    7996.6878
      29    8024.5288
      30    8069.8646
      31    8145.0512
      32    7882.5960
      33    8056.5315
      34    7872.5948
      35    7667.9016
      36    7905.4742
      37    7691.5263
      38    7738.7571
      39    7694.2952
      40    7759.1920
      41    7814.2847
      42    7802.1427
      43    7871.6931
      44    7981.8443
      45    7892.4451
      46    7786.2794
      47    7996.3210
      48    7937.5337
      49    7977.7535
      50    8046.4694
      51    7897.5595
      52    7909.9521
      53    7707.2463
      54    8074.5530
      55    7950.7098
      56    7746.7834
      57    7986.4211
      58    8256.5695
      59    8222.4471
      60    7913.9331
      61    8063.5781
      62    7892.7244
