#Frame       SA_00001
       1    8080.9595
       2    8258.3362
       3    8051.9365
       4    8109.5196
       5    8425.3464
       6    8221.0316
       7    8180.0284
       8    8260.5706
       9    8608.1568
      10    8501.5116
      11    8420.2043
      12    8446.0203
      13    8110.0731
      14    8236.2655
      15    8292.4844
      16    8580.6355
      17    8210.7703
      18    8585.7769
      19    8361.7485
      20    8340.2966
      21    8418.5654
      22    8396.4779
      23    8253.2960
      24    8469.2118
      25    8336.8416
      26    8238.3453
      27    8288.0644
      28    8133.4480
      29    8340.8125
      30    8348.0205
      31    8457.7346
      32    8193.0890
      33    8340.2719
      34    8168.7152
      35    7865.8927
      36    8224.3944
      37    8055.1194
      38    8071.6475
      39    7995.7096
      40    8020.3574
      41    8020.0359
      42    8085.9330
      43    8133.8893
      44    8193.4364
      45    8185.8882
      46    8082.5070
      47    8268.2132
      48    8212.8357
      49    8283.9291
      50    8333.6381
      51    8120.8468
      52    8150.6731
      53    7912.2038
      54    8392.2639
      55    8155.2267
      56    8047.2767
      57    8406.6694
      58    8502.3014
      59    8579.2608
      60    8202.1009
      61    8372.5963
      62    8221.9981
