#Frame       SA_00001
       1    7893.4805
       2    7968.4561
       3    7962.9410
       4    8102.5743
       5    7969.6139
       6    7990.6446
       7    8080.2689
       8    7920.5381
       9    7929.6352
      10    7712.2343
      11    7595.1163
      12    7782.1224
      13    7950.0210
      14    7672.9202
      15    7574.0457
      16    7977.7410
      17    8159.1583
      18    8050.1784
      19    8055.6263
      20    8215.9452
      21    8139.6441
      22    8080.5395
      23    8139.6742
      24    7946.5318
      25    7985.3481
      26    7890.0475
      27    7811.2506
      28    7982.3937
      29    7960.1765
      30    8127.6512
      31    7897.1245
      32    7924.1038
      33    7982.2128
      34    8058.4164
      35    8106.8363
      36    8177.0147
      37    7985.2896
      38    7977.5724
      39    7949.1321
      40    7898.0770
      41    8068.2819
      42    8146.4764
      43    7975.2126
      44    7973.8106
      45    8264.5391
      46    7910.5498
      47    7815.8371
      48    7752.9794
      49    8049.9908
      50    8201.4248
      51    7937.1760
      52    7774.4968
      53    8052.5403
      54    7816.1352
      55    7849.7185
      56    7929.4479
      57    7855.9453
      58    7954.5293
      59    8127.7408
      60    7692.7689
      61    7936.2152
      62    7737.1070
