#Frame       SA_00001
       1    8123.2559
       2    8218.4759
       3    8264.8500
       4    8374.1951
       5    8177.8715
       6    8295.4517
       7    8206.9588
       8    8072.6264
       9    8096.1401
      10    7864.0481
      11    7832.4687
      12    8054.0795
      13    8178.1131
      14    7945.9782
      15    7777.6048
      16    8236.0131
      17    8481.3933
      18    8267.4727
      19    8292.0418
      20    8401.1875
      21    8373.9976
      22    8238.7308
      23    8340.7774
      24    8030.8762
      25    8118.5033
      26    8021.7046
      27    7990.3427
      28    8181.8191
      29    8203.9078
      30    8323.6115
      31    8173.5614
      32    8205.1625
      33    8144.3109
      34    8206.1342
      35    8233.0749
      36    8316.4112
      37    8258.9652
      38    8270.0131
      39    8246.0641
      40    8165.5110
      41    8177.0292
      42    8386.4623
      43    8255.6138
      44    8266.2839
      45    8410.5155
      46    8142.2544
      47    8038.1778
      48    7962.9415
      49    8306.4696
      50    8449.9483
      51    8219.1477
      52    8004.4459
      53    8425.9566
      54    8032.8890
      55    8050.4548
      56    7998.0745
      57    8107.4448
      58    8066.9851
      59    8302.7075
      60    7873.9650
      61    8092.7355
      62    7867.4217
