   -0.12787672
   -0.24543544
   -0.35305010
    0.10854614
   -0.03324414
   -0.24801313
    0.03304730
   -0.20338676
   -0.52930586
    0.07771053
   -0.01282033
   -0.52204096
    0.05164765
   -0.15892507
   -0.49741350
   -0.04566118
   -0.06626757
   -0.35375015
   -0.01847087
   -0.08190714
   -0.50545969
   -0.00117334
   -0.18292249
   -0.46076582
    0.02117215
   -0.19102758
    0.00105061
   -0.11937171
   -0.03983652
   -0.07174664
    0.02394068
   -0.12224478
   -0.10641465
    0.05789550
    0.35915919
    0.02623785
    0.25635339
    0.01979885
    0.27654388
    0.00704969
   -0.01467928
   -0.11480467
   -0.11887190
    0.25421001
    0.15473220
   -0.06453393
   -0.00346729
    0.29379502
   -0.07859797
   -0.01025921
    0.10139270
   -0.04081826
   -0.03680377
   -0.11217358
   -0.11974770
   -0.01061912
   -0.06696299
   -0.06200086
   -0.07614137
    0.11140971
    0.00642844
    0.00992886
    0.07489711
   -0.01788547
   -0.06994365
   -0.07143549
   -0.02558982
    0.03157162
   -0.05396271
   -0.05800152
    0.04696984
   -0.05596794
   -0.28342370
    0.05015404
    0.05512179
    0.06729519
    0.04211004
    0.03114679
    0.04749331
    0.06666822
    0.04949733
    0.05562367
    0.05182897
    0.05585426
    0.05960212
    0.04593028
    0.05707621
    0.05071435
    0.04541786
    0.05675836
    0.04837619
    0.04988077
    0.04516043
    0.02810296
    0.04748100
    0.04290166
    0.07822864
    0.06409864
    0.06461848
    0.18412285
    0.09336666
    0.21042662
    0.07417960
    0.05671528
    0.03677441
    0.05747694
    0.04115549
    0.03556531
    0.04543058
    0.06058782
    0.05758938
    0.06356939
    0.07420792
    0.08000181
    0.01783637
    0.05030745
    0.04679879
    0.01186839
    0.05022257
    0.03773316
    0.05498909
    0.03817646
    0.04146521
    0.05561600
    0.04739299
    0.06030447
    0.07285061
    0.08138229
    0.06887762
    0.06752084
    0.06795567
    0.09159560
    0.08158865
    0.06313256
    0.06673802
    0.04704906
    0.02020368
    0.03979140
    0.05231777
    0.01732903
    0.02985963
    0.05513041
    0.08378195
    0.06656303
    0.07186213
    0.05506332
    0.05417433
    0.06889439
    0.03811341
    0.03991461
    0.01702282
