           1           4  0.99793368023796225     
           3           4  0.95469245441239714     
           3           7  0.98650993979234203     
           2          10   1.4244710475944429     
           4          10  0.97438079428913804     
           8          11   1.0049093057713270     
           2          13   1.4311607470838406     
          14          15  0.20030718819781976     
          10          16  0.11001155202552554     
          13          16   1.4250748545455858     
          12          17  0.19884275717458624     
          16          19   1.4420342234829446     
           9          20  0.18926190368244808     
          11          21  0.19579312344035674     
          10          22   1.3521513160957499     
          13          22  0.10994787920496017     
          19          22   1.4062394162796270     
           6          24  0.18029490781521251     
           5          25   1.1644745834447496     
          22          25   1.0238449834015397     
           5          27  0.98801526048951760     
          27          28   1.0048246212011023     
          25          29   1.5129836472715696     
          29          30   1.0202286845175241     
          30          31  0.96487180038957476     
          31          32  0.99811213731569648     
          31          33   1.0019502145529249     
           6          34  0.91771081774615493     
          31          34  0.96844464283015308     
           6          35   1.1836652217814378     
          24          35   1.7051979078080683     
           8          36  0.99561837104751127     
          35          36  0.94596984060536804     
          11          37   1.2922626792802734     
          21          37   1.6087603457085462     
          14          38  0.98598018773938612     
          37          38  0.95172884624933596     
          14          39   1.3176941314574984     
          15          39   1.6167648185404306     
          17          40  0.95727505682536063     
          39          40  0.93645129002864536     
          40          41  0.96546019825047613     
          41          42   1.0093316508730976     
          41          43   1.0067684976134958     
          12          44   1.5871317080652150     
          17          44   1.3231598562195785     
          44          45  0.93065436232345966     
          45          46  0.97280195301700778     
          20          47  0.98775342214610029     
          46          47  0.99139985837951006     
           9          48   1.5767343845996293     
          20          48   1.2533100216782527     
          48          49   1.0360081882632493     
          49          50   2.7480645510777908     
          23          51  0.96880526203625283     
          50          51   1.0223909775321767     
          23          52   1.0137188137076978     
          23          53   1.0162996957139121     
          51          54  0.95742295880248496     
          51          55  0.97256018007765510     
          20          56  0.98868299788766789     
          45          57  0.97885968460886075     
          56          57  0.99479428690385097     
          17          58  0.98728294751607637     
          38          59  0.96337352470381932     
          18          60  0.97543822480871389     
          59          60  0.98188086559231347     
          26          61  0.99934370329975952     
          60          61  0.98092622563727605     
          26          62  0.99326244956873677     
          18          63  0.96954398184990243     
          62          63  0.99620037224109170     
          11          64  0.96247989702420234     
          64          65   1.0012351514300462     
          36          66  0.96493243198542000     
          65          66   1.0074498352513794     
          29          67   1.2099442340490061     
           5          68   1.1759285025909749     
          67          68   1.2386692296113957     
          68          69   1.3317928070497935     
          69          70   1.5015015617890393     
          26          71  0.99797589947873755     
          70          71   1.3294816513367831     
          67          72   1.3255321915109080     
          69          72  0.10743312576868651     
          71          72   1.4691558664672342     
          45          73  0.89578727037050876     
           1          74  0.98199612545603510     
           1          75  0.98366313667316030     
           1          76  0.98033219509338143     
           4          77  0.95451169750362463     
           7          78  0.97672189004110521     
           7          79  0.97665234994734651     
           7          80  0.97791664269747658     
          13          81  0.96264536524240651     
          16          82  0.96765336428327009     
          19          83  0.96729579782298503     
          27          84  0.96692172096182849     
          27          85  0.96771954450286535     
          28          86  0.98686585860465770     
          28          87  0.98349184603360940     
          28          88  0.98593258966413821     
          30          89  0.97020246339818716     
          30          90  0.96138770776956317     
          32          91  0.98402759841492504     
          32          92  0.97943779735179926     
          32          93  0.98413467142416433     
          33          94  0.98129007122625178     
          33          95  0.98182104134837456     
          33          96  0.98377006367433562     
          34          97  0.96361799235295664     
          34          98  0.96842177702266241     
          36          99  0.93920043022349153     
           8         100  0.93013958851186285     
          38         101  0.94321138166643503     
          14         102  0.91539646758151805     
          40         103  0.95046224055918471     
          41         104  0.96393782482619006     
          42         105  0.98497046917566966     
          42         106  0.98340720618900224     
          42         107  0.98599389128269876     
          43         108  0.98509806729216887     
          43         109  0.98573912867160118     
          43         110  0.98357842847640009     
          46         111  0.97214758460138739     
          46         112  0.96535266882552573     
          47         113  0.96520350447562131     
          47         114  0.96532297431549996     
          52         115  0.97357201571794916     
          52         116  0.97892051461078833     
          52         117  0.97947669000342175     
          53         118  0.97242275651136223     
          53         119  0.98012918982619923     
          53         120  0.97725783377146347     
          54         121  0.97897359962566854     
          54         122  0.98437849052654891     
          54         123  0.98490607868577651     
          55         124  0.97862041798410893     
          55         125  0.98417182564909311     
          55         126  0.98444869936145518     
          56         127  0.96087927412098306     
          56         128  0.96359522453533197     
          57         129  0.97044068652322402     
          57         130  0.96962476499654038     
          58         131  0.97461093628397977     
          58         132  0.96632870584461694     
          58         133  0.96862773233412836     
          59         134  0.96635574894080323     
          59         135  0.96850142994759736     
          60         136  0.95849530559667684     
          61         137  0.95963769191474513     
          61         138  0.97174838726855661     
          62         139  0.97100834084978904     
          62         140  0.96181385505599537     
          63         141  0.96808636321652097     
          63         142  0.96975118528793980     
          64         143  0.96374235361601457     
          64         144  0.96329514175518938     
          65         145  0.97010486083235870     
          65         146  0.97539031542195054     
          66         147  0.97484690296519094     
          66         148  0.97122736761826856     
          69         149  0.96539901049896237     
          70         150  0.96925621319164867     
          72         151  0.95808400172609476     
