#Frame       SA_00001
       1    1161.9517
       2    1189.3599
       3    1190.7700
       4    1187.4937
       5    1186.5169
       6    1195.0309
       7    1171.6086
       8    1184.8273
       9    1191.0660
      10    1198.9721
      11    1193.2813
      12    1205.2944
      13    1185.9070
      14    1172.0534
      15    1182.4442
      16    1194.5611
      17    1174.1520
      18    1167.8999
      19    1176.0278
      20    1178.7770
      21    1187.6602
      22    1163.5989
      23    1189.0791
      24    1190.7342
      25    1187.8039
      26    1191.1485
      27    1178.6682
      28    1186.6839
      29    1184.6677
      30    1203.0264
      31    1187.6867
      32    1178.3623
      33    1183.8768
      34    1171.4138
      35    1199.5427
      36    1182.8048
      37    1174.6644
      38    1179.8451
      39    1173.8140
      40    1196.0173
      41    1181.7561
      42    1168.5399
      43    1194.9851
      44    1186.6193
      45    1170.4460
      46    1180.8006
      47    1159.6214
      48    1160.7240
      49    1169.9829
      50    1181.4273
      51    1172.2182
      52    1161.9447
      53    1186.8682
      54    1157.8500
      55    1178.8160
      56    1188.4396
      57    1153.5808
      58    1175.6875
      59    1209.2237
      60    1160.8481
      61    1180.5846
      62    1163.9231
      63    1185.9143
