#Frame       SA_00001
       1    1183.3561
       2    1111.9019
       3    1113.3787
       4    1109.9266
       5    1195.9968
       6    1195.1095
       7    1166.4007
       8    1175.0846
       9    1170.5139
      10    1167.9884
      11    1177.8618
      12    1202.4720
      13    1175.0197
      14    1183.0361
      15    1192.5996
      16    1196.8667
      17    1176.2589
      18    1171.1592
      19    1163.9172
      20    1166.7840
      21    1182.8622
      22    1168.4913
      23    1171.3617
      24    1184.4189
      25    1202.8028
      26    1187.6767
      27    1167.5271
      28    1188.0589
      29    1207.6249
      30    1180.9621
      31    1170.6953
      32    1179.9582
      33    1141.6861
      34    1165.4995
      35    1175.2491
      36    1189.3508
      37    1199.6168
      38    1180.3698
      39    1174.4957
      40    1187.8334
      41    1157.7518
      42    1165.8359
      43    1127.0033
      44    1155.7951
      45    1184.8141
      46    1193.0382
      47    1205.7441
      48    1187.7884
      49    1173.8812
      50    1161.1555
      51    1181.9364
      52    1180.3770
      53    1147.7307
      54    1186.1088
      55    1190.7561
      56    1178.8937
      57    1142.1571
      58    1181.1625
      59    1192.5000
      60    1170.0328
      61    1180.8504
      62    1175.1252
