#Frame       SA_00001
       1    1206.6733
       2    1189.0330
       3    1192.9058
       4    1140.2166
       5    1190.0649
       6    1199.4396
       7    1200.3665
       8    1194.4380
       9    1200.1061
      10    1155.4232
      11    1180.6397
      12    1213.9923
      13    1181.2991
      14    1179.5493
      15    1179.0047
      16    1175.0280
      17    1172.7562
      18    1177.2421
      19    1196.7707
      20    1197.3629
      21    1181.6496
      22    1203.3413
      23    1169.8420
      24    1181.1593
      25    1197.4792
      26    1204.9699
      27    1192.6408
      28    1184.6314
      29    1196.9228
      30    1194.7589
      31    1212.4929
      32    1205.6329
      33    1213.4030
      34    1175.6885
      35    1209.3375
      36    1215.1814
      37    1180.1752
      38    1177.1061
      39    1161.2191
      40    1194.7939
      41    1212.8296
      42    1177.0073
      43    1190.8711
      44    1195.1360
      45    1208.4970
      46    1200.2164
      47    1214.2798
      48    1211.0819
      49    1197.9201
      50    1212.4073
      51    1212.2737
      52    1195.3908
      53    1189.7098
      54    1180.5790
      55    1176.4156
      56    1203.8508
      57    1200.8107
      58    1160.8122
      59    1183.1533
      60    1187.1028
      61    1173.9975
      62    1166.1915
