#Frame       SA_00001
       1    7544.3824
       2    7836.1058
       3    7892.9876
       4    7924.9690
       5    8157.2108
       6    7924.3122
       7    7870.6589
       8    7837.6375
       9    8020.8237
      10    7513.7800
      11    7660.8075
      12    7887.4424
      13    7867.6916
      14    8081.4433
      15    7991.2727
      16    8067.9043
      17    8122.7678
      18    7925.3284
      19    8043.9495
      20    8188.9250
      21    8052.3852
      22    7962.0558
      23    8087.5176
      24    8022.0730
      25    8062.2027
      26    7780.0601
      27    7673.0939
      28    7711.4927
      29    7850.0892
      30    7867.1769
      31    7613.6435
      32    7601.3557
      33    7555.9407
      34    7731.1159
      35    7837.4051
      36    7737.9254
      37    7647.1929
      38    7623.3403
      39    7760.4701
      40    7647.2769
      41    7943.0846
      42    7772.3552
      43    8059.4080
      44    8151.2809
      45    8110.5958
      46    8169.6150
      47    7862.3306
      48    7845.5781
      49    7827.6592
      50    7564.6924
      51    7641.8942
      52    7877.0563
      53    7806.0835
      54    7592.0611
      55    7591.6881
      56    7961.0235
      57    7865.6098
      58    7762.6166
      59    7740.1058
      60    7607.1869
      61    7894.7238
      62    7743.8330
      63    7744.8212
