#Frame       SA_00001
       1    7799.8390
       2    7772.3679
       3    7807.1245
       4    7811.1585
       5    7979.5245
       6    8000.7683
       7    8057.7055
       8    8026.4612
       9    8169.3746
      10    8071.9049
      11    8022.7979
      12    8007.3631
      13    7875.5956
      14    8076.8384
      15    7751.2507
      16    7883.3314
      17    7898.4192
      18    7964.2324
      19    8114.7559
      20    7689.5353
      21    7849.6129
      22    7919.7324
      23    7928.4378
      24    8063.0966
      25    8002.1621
      26    7944.3129
      27    7794.7301
      28    7789.5758
      29    8026.5591
      30    8077.2751
      31    7821.5774
      32    7986.3040
      33    8142.6937
      34    7802.9874
      35    7876.8839
      36    7899.0369
      37    8050.2668
      38    8040.8945
      39    8080.5182
      40    8040.5216
      41    7995.9571
      42    8076.5834
      43    7805.2868
      44    8041.5154
      45    7829.7256
      46    7908.8846
      47    7895.4050
      48    7376.8708
      49    7703.1058
      50    7843.7682
      51    7951.4010
      52    7967.1706
      53    7761.6826
      54    8151.8437
      55    8048.6042
      56    7921.1301
      57    7801.3936
      58    8058.1380
      59    8003.2764
      60    7944.5203
      61    8267.9246
      62    8065.2201
