#Frame       SA_00001
       1    8061.7643
       2    7975.9335
       3    8161.8481
       4    8213.6968
       5    7948.5310
       6    8110.9819
       7    8106.4423
       8    8398.8052
       9    8244.3477
      10    7694.0301
      11    8051.7961
      12    8111.9230
      13    8289.8958
      14    7955.9034
      15    7778.6584
      16    7560.2852
      17    7987.5217
      18    7898.5723
      19    7961.4918
      20    7960.5429
      21    8044.7072
      22    7823.7306
      23    8293.1581
      24    8556.1351
      25    8469.9957
      26    8440.9991
      27    8006.3100
      28    7884.2976
      29    8311.2785
      30    7827.7672
      31    8534.1330
      32    8310.5516
      33    8024.0319
      34    8200.2419
      35    7998.3389
      36    8096.2950
      37    7882.7538
      38    7864.6303
      39    7701.8678
      40    7944.5719
      41    8069.7944
      42    7962.5563
      43    8068.3835
      44    7980.5533
      45    8081.2519
      46    8034.0883
      47    7853.0447
      48    7969.9782
      49    8075.1353
      50    7848.2320
      51    8174.5405
      52    8291.7023
      53    8059.2373
      54    8326.4493
      55    8179.3588
      56    7735.8689
      57    7743.8718
      58    7886.7428
      59    7691.5546
      60    8000.5433
      61    8054.4476
      62    8026.9722
