#Frame       SA_00001
       1    8272.8514
       2    8284.6662
       3    8207.1704
       4    8494.8297
       5    8483.2486
       6    8256.1050
       7    8247.7313
       8    8257.8251
       9    8313.9111
      10    8335.9795
      11    8261.5964
      12    8149.1805
      13    8174.6938
      14    8253.1204
      15    8366.3100
      16    7724.1929
      17    8111.4773
      18    8268.7289
      19    8336.4339
      20    8073.1985
      21    8374.2798
      22    8090.0102
      23    8285.1373
      24    7999.0381
      25    8218.8758
      26    7990.0511
      27    8314.2161
      28    8303.0185
      29    7967.3408
      30    8058.5024
      31    8166.1714
      32    8267.3385
      33    7931.5755
      34    7964.2122
      35    7802.7276
      36    7841.8410
      37    8059.0468
      38    8040.1847
      39    8003.8821
      40    7931.1898
      41    8070.0248
      42    8044.9870
      43    7916.7789
      44    7938.7879
      45    7784.7568
      46    7850.1110
      47    8063.3553
      48    8101.7004
      49    7776.7182
      50    8015.9684
      51    7918.7941
      52    7849.0116
      53    7868.7036
      54    7821.6896
      55    7609.2380
      56    7863.3739
      57    8215.6357
      58    7936.2401
      59    8100.8047
      60    8036.6252
      61    7853.0815
      62    7918.7347
