#Frame       SA_00001
       1    8044.4824
       2    8110.8150
       3    8206.7871
       4    8357.7305
       5    8394.7719
       6    8506.6538
       7    8303.4524
       8    8296.2560
       9    8244.4024
      10    8117.2754
      11    8026.2608
      12    8361.0185
      13    8208.2317
      14    8287.9478
      15    8249.2125
      16    8143.7488
      17    8377.9013
      18    8051.0392
      19    8170.2025
      20    8196.2429
      21    8426.5057
      22    8209.3201
      23    8254.5138
      24    8515.3467
      25    8283.4285
      26    8169.2992
      27    8558.2351
      28    8083.5131
      29    8544.3886
      30    8739.5038
      31    8264.8906
      32    8366.9186
      33    8598.2693
      34    8563.9404
      35    8591.0616
      36    8180.6766
      37    8329.2606
      38    8370.3901
      39    8404.7257
      40    8474.5751
      41    8367.3902
      42    8309.6351
      43    8272.2109
      44    8587.0873
      45    8831.8307
      46    8484.0851
      47    8193.4543
      48    8384.8665
      49    8276.6202
      50    8413.2734
      51    8205.2204
      52    8223.1893
      53    8280.2496
      54    8304.2288
      55    8500.3805
      56    8489.1073
      57    8382.3100
      58    8339.8540
      59    8333.9292
      60    8404.3512
      61    8271.7938
      62    8214.3045
