#Frame       SA_00001
       1    8452.5462
       2    8378.3301
       3    8344.6469
       4    8599.6063
       5    8551.1417
       6    8311.4359
       7    8365.6920
       8    8395.0714
       9    8396.0798
      10    8396.2112
      11    8378.4556
      12    8345.3211
      13    8284.5811
      14    8395.3895
      15    8505.8460
      16    7854.0126
      17    8307.9534
      18    8452.4017
      19    8549.8465
      20    8323.3462
      21    8676.7725
      22    8373.5948
      23    8587.0695
      24    8200.8192
      25    8486.4963
      26    8276.4304
      27    8640.9002
      28    8608.8026
      29    8320.0367
      30    8335.0440
      31    8487.6877
      32    8549.6006
      33    8224.4963
      34    8250.2467
      35    8189.9898
      36    8201.6053
      37    8376.6035
      38    8201.6656
      39    8269.1469
      40    8217.8541
      41    8218.2154
      42    8283.4525
      43    8171.1888
      44    8204.4598
      45    8078.1962
      46    8018.8695
      47    8232.0958
      48    8142.7992
      49    8008.6542
      50    8239.5376
      51    8184.8831
      52    7973.5447
      53    8150.3118
      54    8039.9963
      55    7744.2366
      56    8104.8985
      57    8507.6039
      58    8230.2624
      59    8329.1346
      60    8314.7939
      61    8119.5352
      62    8299.0838
