#Frame       SA_00001
       1    1197.3331
       2    1187.6765
       3    1166.9939
       4    1171.8265
       5    1178.1156
       6    1209.5693
       7    1176.3812
       8    1217.9812
       9    1186.8700
      10    1179.4250
      11    1132.6945
      12    1206.8170
      13    1193.8682
      14    1164.1766
      15    1181.1924
      16    1181.8732
      17    1203.6244
      18    1206.6553
      19    1178.2273
      20    1166.2086
      21    1178.2155
      22    1179.4833
      23    1175.9914
      24    1173.0841
      25    1175.5259
      26    1189.3755
      27    1210.9690
      28    1192.3888
      29    1183.3125
      30    1202.1977
      31    1193.0465
      32    1206.5023
      33    1202.2118
      34    1154.1434
      35    1191.8911
      36    1169.8994
      37    1159.6780
      38    1176.5177
      39    1199.0848
      40    1188.3301
      41    1179.6085
      42    1215.1446
      43    1202.6663
      44    1188.6196
      45    1176.0293
      46    1146.7082
      47    1183.9190
      48    1159.6965
      49    1198.8951
      50    1179.1834
      51    1199.3535
      52    1184.7855
      53    1203.4315
      54    1186.7182
      55    1173.2674
      56    1174.5132
      57    1202.9287
      58    1201.6127
      59    1186.6076
      60    1191.7093
      61    1215.5756
      62    1193.0966
