#Frame       SA_00001
       1    7921.7205
       2    7965.2599
       3    7989.1731
       4    8169.9304
       5    8186.8669
       6    8167.1292
       7    7939.4991
       8    8022.4761
       9    8017.1588
      10    7950.7791
      11    7950.6454
      12    8073.1151
      13    8050.8796
      14    8171.6874
      15    8080.6866
      16    7899.4013
      17    8122.4420
      18    7882.1392
      19    8099.0286
      20    7965.6881
      21    8181.9852
      22    8059.0600
      23    8142.5506
      24    8257.8126
      25    8117.6906
      26    7875.5725
      27    8274.9553
      28    7875.4842
      29    8212.7521
      30    8428.2658
      31    8001.7576
      32    8006.8484
      33    8372.9791
      34    8314.4392
      35    8299.9337
      36    8107.5648
      37    8232.4658
      38    8239.2683
      39    8285.3477
      40    8313.6377
      41    8186.5755
      42    8077.9138
      43    8102.5178
      44    8391.0551
      45    8543.7248
      46    8322.7064
      47    8056.6236
      48    8314.0753
      49    8088.3447
      50    8127.9293
      51    7950.3945
      52    7976.8117
      53    8130.1392
      54    8119.7710
      55    8362.7837
      56    8289.0421
      57    8203.7892
      58    8105.5525
      59    8143.4737
      60    8237.1032
      61    8114.0098
      62    8067.9355
