           1           4  0.98384946953275021     
           3           4  0.96203998264746815     
           3           7  0.99187578016374622     
           2          10   1.4261642686172791     
           4          10  0.97768654178014125     
           8          11   1.0047970311543082     
           2          13   1.4337262121020751     
          14          15  0.19150034773811786     
          10          16  0.10846296892029784     
          13          16   1.4208344287425929     
          12          17  0.19920764317387515     
          16          19   1.4455204086805706     
           9          20  0.19393939641867938     
          11          21  0.19207783216787419     
          10          22   1.3404874250700469     
          13          22  0.10843933709827036     
          19          22   1.3995869592187218     
           6          24  0.18307846023744720     
           5          25   1.1485691403148275     
          22          25   1.0366097864541104     
           5          27  0.98907851896283538     
          27          28   1.0045030754402797     
          25          29   1.5195495571016111     
          29          30   1.0189738041894651     
          30          31  0.96535916441551606     
          31          32  0.99692650582944942     
          31          33   1.0013597981501881     
           6          34  0.91499105236334743     
          31          34  0.97332035684782670     
           6          35   1.1978166973639475     
          24          35   1.6968912053130514     
           8          36  0.98594879628051268     
          35          36  0.94485331247543425     
          11          37   1.2865535792541796     
          21          37   1.6143503781346631     
          14          38  0.98649839377945214     
          37          38  0.93339957085328951     
          14          39   1.2927599991156946     
          15          39   1.6360970323036235     
          17          40  0.96356341159321746     
          39          40  0.93910049813668850     
          40          41  0.96708415854045637     
          41          42   1.0104819825677818     
          41          43   1.0082044085728807     
          12          44   1.5884777505366998     
          17          44   1.3226661534311093     
          44          45  0.93123927434377951     
          45          46  0.98144133485223217     
          20          47  0.98145970129054083     
          46          47   1.0023199881503069     
           9          48   1.5637814921455604     
          20          48   1.2704051204093221     
          48          49   1.0348913769585837     
          49          50   2.7587101635484919     
          23          51  0.96719122776973732     
          50          51   1.0164314331324760     
          23          52   1.0140788413415376     
          23          53   1.0141899904596825     
          51          54  0.96279868323581497     
          51          55  0.97570857714631332     
          20          56  0.98184644130084353     
          45          57  0.96394231574151790     
          56          57   1.0094589564944070     
          17          58  0.98481855984322186     
          38          59  0.98309886131610713     
          18          60  0.96312145737696309     
          59          60  0.98797363592738630     
          26          61  0.99895482622828402     
          60          61  0.98119295598788281     
          26          62   1.0053305618367196     
          18          63  0.97465953406496830     
          62          63  0.99083059345652846     
          11          64  0.96574429093158853     
          64          65   1.0012699026695788     
          36          66  0.96390464071249848     
          65          66   1.0058362963457745     
          29          67   1.2007303041318929     
           5          68   1.1541168036176692     
          67          68   1.2400122487102769     
          68          69   1.3421969039132509     
          69          70   1.4913772593541166     
          26          71   1.0831589958739347     
          70          71   1.3096589340332054     
          67          72   1.3418640407395170     
          69          72  0.10757140687522213     
          71          72   1.4138325660589346     
          45          73  0.89793532821331945     
           1          74  0.98169441168906268     
           1          75  0.98505723481440188     
           1          76  0.97685593849406560     
           4          77  0.95715570448895571     
           7          78  0.97640301150503683     
           7          79  0.97432707601227697     
           7          80  0.97667718356489330     
          13          81  0.96304281292977978     
          16          82  0.96821148478443608     
          19          83  0.96601453131362480     
          27          84  0.96415936599756902     
          27          85  0.96874060470633472     
          28          86  0.98590678792151509     
          28          87  0.98714840276342697     
          28          88  0.98360471568461383     
          30          89  0.96772045118695904     
          30          90  0.96476826976932628     
          32          91  0.98428664817506828     
          32          92  0.97492287106769515     
          32          93  0.98418572627372480     
          33          94  0.98163095602611961     
          33          95  0.98438684987166236     
          33          96  0.98132209980735996     
          34          97  0.96274918641728147     
          34          98  0.96644594299728959     
          36          99  0.95703062784497483     
           8         100  0.92891424417743362     
          38         101  0.94346109594661287     
          14         102  0.90967094215957456     
          40         103  0.94159213717327284     
          41         104  0.96262037247340904     
          42         105  0.98371596774389680     
          42         106  0.98418180212099271     
          42         107  0.98252423705390701     
          43         108  0.98399988228702662     
          43         109  0.98729938431317366     
          43         110  0.98546885634275605     
          46         111  0.96596885133451982     
          46         112  0.96927858384741716     
          47         113  0.96134983595458623     
          47         114  0.96300643656254359     
          52         115  0.98045736994872423     
          52         116  0.97710475458880564     
          52         117  0.97455998919418196     
          53         118  0.97989109464651958     
          53         119  0.97206158171173118     
          53         120  0.97938133327436705     
          54         121  0.98493856850620964     
          54         122  0.98005212017149912     
          54         123  0.98541666956809104     
          55         124  0.98431828294179036     
          55         125  0.97979217244777639     
          55         126  0.98361495569783142     
          56         127  0.96208288897650140     
          56         128  0.96127033278564922     
          57         129  0.96443678808148214     
          57         130  0.96985080518483058     
          58         131  0.97138925940018916     
          58         132  0.97261344806315786     
          58         133  0.97160498661830741     
          59         134  0.96345349364124733     
          59         135  0.96278504868592019     
          60         136  0.95840810923586006     
          61         137  0.96657968492422786     
          61         138  0.96132654484840974     
          62         139  0.96337028541742631     
          62         140  0.96818556459483596     
          63         141  0.96471345874125314     
          63         142  0.96932917526359852     
          64         143  0.96484224568160915     
          64         144  0.96367061469258974     
          65         145  0.97031641856013706     
          65         146  0.97539028389743654     
          66         147  0.97435990412408424     
          66         148  0.97336489171730001     
          69         149  0.96648196477782133     
          70         150  0.96721587034900181     
          72         151  0.95919310457829265     
