   -0.12693020
   -0.23928036
   -0.35215770
    0.11314161
   -0.03887129
   -0.24081730
    0.03231389
   -0.19867608
   -0.52785331
    0.08493387
   -0.01541272
   -0.52479482
    0.05220400
   -0.16093293
   -0.49675682
   -0.04603683
   -0.06616797
   -0.34602351
   -0.01935438
   -0.08281161
   -0.50954629
   -0.00182204
   -0.18419402
   -0.46606030
    0.02349296
   -0.19263802
   -0.00178030
   -0.11775092
   -0.03946384
   -0.07211425
    0.02529377
   -0.12296632
   -0.11889749
    0.06950392
    0.35913590
    0.01935434
    0.25508899
    0.02722048
    0.27726188
    0.00629543
   -0.01361374
   -0.11886122
   -0.11610724
    0.24952101
    0.15559687
   -0.06026225
   -0.00184116
    0.29461022
   -0.07783871
   -0.00968856
    0.10181668
   -0.04072579
   -0.03682252
   -0.11255887
   -0.11864449
   -0.01049098
   -0.07047063
   -0.06144260
   -0.09107674
    0.11059789
    0.01128645
    0.01091092
    0.06599821
   -0.01558393
   -0.07053974
   -0.06701513
   -0.02451396
    0.03182888
   -0.05649748
   -0.05693404
    0.04519830
   -0.05690139
   -0.28111713
    0.04925182
    0.07000221
    0.05185283
    0.01947936
    0.07113416
    0.04315643
    0.03307866
    0.05118170
    0.05713760
    0.05333694
    0.06542046
    0.05616462
    0.04512863
    0.05607291
    0.04768025
    0.04972567
    0.05750469
    0.04951103
    0.04565627
    0.05345283
    0.04799773
    0.05174053
    0.03770926
    0.05871390
    0.06045489
    0.07762740
    0.18057572
    0.09485432
    0.20953221
    0.07800417
    0.05510060
    0.05790705
    0.04373803
    0.04317334
    0.04511341
    0.05854843
    0.03255696
    0.05113127
    0.05932554
    0.07514991
    0.07720744
    0.01362478
    0.05273454
    0.04755170
    0.01830122
    0.04743345
    0.03423604
    0.03898337
    0.04381046
    0.05017267
    0.04908023
    0.05811087
    0.05868020
    0.07426142
    0.08244091
    0.07382133
    0.06837182
    0.07003216
    0.08823924
    0.08577110
    0.05985454
    0.09272408
    0.03379958
    0.04051014
    0.01092330
    0.01263354
    0.04201316
    0.04564557
    0.06117888
    0.08113611
    0.06129473
    0.06995411
    0.05892107
    0.05204753
    0.06452609
    0.03302003
    0.01839002
    0.04073231
