           1           4  0.99659259720780680     
           3           4  0.95253261445313275     
           3           7  0.98710990460274572     
           2          10   1.4252812836927744     
           4          10  0.97689867847422185     
           8          11   1.0064432648352037     
           2          13   1.4365540345120174     
          14          15  0.19931700810763692     
          10          16  0.10985933548061003     
          13          16   1.4197911420362050     
          12          17  0.19818916301466133     
          16          19   1.4475566780795108     
           9          20  0.18617250667509072     
          11          21  0.19340376805041809     
          10          22   1.3558510207007373     
          13          22  0.10933933735943191     
          19          22   1.3981746723803514     
           6          24  0.17893367602539892     
           5          25   1.1597530923032398     
          22          25   1.0286726716629533     
           5          27  0.98676557198486015     
          27          28   1.0051256522098537     
          25          29   1.5137733415379018     
          29          30   1.0197207925889238     
          30          31  0.96635982321409630     
          31          32  0.99708742470687439     
          31          33  0.99678605777504115     
           6          34  0.91661270065922984     
          31          34  0.98155063473908377     
           6          35   1.1891402151054389     
          24          35   1.6996900059513131     
           8          36  0.99127188821146173     
          35          36  0.94935537144919990     
          11          37   1.2847901871318881     
          21          37   1.6134102078269901     
          14          38  0.98457905891563169     
          37          38  0.94087970250756170     
          14          39   1.3105511519406079     
          15          39   1.6276649159805530     
          17          40  0.95303342115627898     
          39          40  0.92940923474296799     
          40          41  0.97405941385873251     
          41          42   1.0088956541286918     
          41          43   1.0052462786260232     
          12          44   1.5785046361387796     
          17          44   1.3308269576196303     
          44          45  0.92843039389685922     
          45          46  0.96982469033667718     
          20          47  0.98808486433492437     
          46          47  0.99044773903254391     
           9          48   1.5764622789917688     
          20          48   1.2515185673138658     
          48          49   1.0368012443973917     
          49          50   2.7486143695002752     
          23          51  0.97070456099065561     
          50          51   1.0195014405928522     
          23          52   1.0140251110977276     
          23          53   1.0147367460594245     
          51          54  0.95800122669441190     
          51          55  0.97319744031086575     
          20          56  0.98803093685982701     
          45          57  0.97977251612255722     
          56          57  0.99382208605280198     
          17          58  0.98637906394826136     
          38          59  0.97996920197841186     
          18          60  0.97448957746292619     
          59          60  0.98169127527056355     
          26          61   1.0019450222402000     
          60          61  0.97927388131557769     
          26          62  0.99360610897302470     
          18          63  0.97482440003954052     
          62          63  0.99428761213072359     
          11          64  0.96379137851878682     
          64          65   1.0010955510566697     
          36          66  0.95952175427781516     
          65          66   1.0060230016899696     
          29          67   1.2115096279692577     
           5          68   1.1750344835519997     
          67          68   1.2353785117754350     
          68          69   1.3367033687519141     
          69          70   1.4929724742484041     
          26          71  0.99245547016765967     
          70          71   1.3380571901206779     
          67          72   1.3294806605008460     
          69          72  0.10836034894562525     
          71          72   1.4668944420292118     
          45          73  0.89943660715980855     
           1          74  0.98204975093435920     
           1          75  0.98252976111623225     
           1          76  0.98219289551085376     
           4          77  0.95456914427856210     
           7          78  0.97739451422182788     
           7          79  0.97680181542617706     
           7          80  0.97638059646993824     
          13          81  0.96244321631515173     
          16          82  0.96743271797322383     
          19          83  0.96697476022843099     
          27          84  0.96393440714871126     
          27          85  0.96792015041868984     
          28          86  0.98664701181075920     
          28          87  0.98347391043247923     
          28          88  0.98667708198431558     
          30          89  0.96913000763820889     
          30          90  0.96499419239672424     
          32          91  0.98436663078068554     
          32          92  0.98442355264058501     
          32          93  0.98451988943630675     
          33          94  0.98250080024866204     
          33          95  0.98420646859413496     
          33          96  0.98221486951399894     
          34          97  0.96569099210019327     
          34          98  0.95980576194989731     
          36          99  0.95045766050490255     
           8         100  0.92956639925771145     
          38         101  0.93334592748903034     
          14         102  0.92264906003668479     
          40         103  0.94853086197262759     
          41         104  0.96318731668832669     
          42         105  0.98391555288978572     
          42         106  0.98585378364322040     
          42         107  0.98468996257750507     
          43         108  0.98562977519719186     
          43         109  0.98417313874158741     
          43         110  0.98509744616540806     
          46         111  0.97137841396127411     
          46         112  0.96628207470909155     
          47         113  0.96626399952250341     
          47         114  0.96572581479659636     
          52         115  0.97217490410948348     
          52         116  0.97887421424733168     
          52         117  0.97992067252883397     
          53         118  0.97376610011026243     
          53         119  0.98029464576300340     
          53         120  0.97524140489058952     
          54         121  0.98539079505857452     
          54         122  0.98511061720002624     
          54         123  0.97908813118183369     
          55         124  0.98357150178171260     
          55         125  0.98411463778233976     
          55         126  0.97924665306568448     
          56         127  0.95837062020706343     
          56         128  0.96463629745412871     
          57         129  0.96971640390362812     
          57         130  0.96866071648270458     
          58         131  0.97347796772267070     
          58         132  0.97028616220504893     
          58         133  0.96892449294916028     
          59         134  0.97264846962935658     
          59         135  0.95631603830368073     
          60         136  0.95723666876061175     
          61         137  0.97342091420694310     
          61         138  0.96124420380867370     
          62         139  0.96357941552486315     
          62         140  0.97359228445455648     
          63         141  0.96536683313500005     
          63         142  0.96906091069160571     
          64         143  0.96403134254979550     
          64         144  0.96407505244806035     
          65         145  0.96992854345539714     
          65         146  0.97533519347522557     
          66         147  0.97505624810636493     
          66         148  0.97257527556586054     
          69         149  0.96570639274186310     
          70         150  0.96952047698259225     
          72         151  0.96171491299218825     
