           1           4  0.99772198579304794     
           3           4  0.95282891045216334     
           3           7  0.98701932695303274     
           2          10   1.4249223150804873     
           4          10  0.97570106625288155     
           8          11   1.0053619675880594     
           2          13   1.4367066254931600     
          14          15  0.19890707071445188     
          10          16  0.10999398476026084     
          13          16   1.4201099621332549     
          12          17  0.20275363529582507     
          16          19   1.4469730625654444     
           9          20  0.19246874567236524     
          11          21  0.19386630402523974     
          10          22   1.3580533512673461     
          13          22  0.10991723579575859     
          19          22   1.3992571432019445     
           6          24  0.17750175487017042     
           5          25   1.1626809327872363     
          22          25   1.0254604302074037     
           5          27  0.98798610069993242     
          27          28   1.0049840093137135     
          25          29   1.5138755265779682     
          29          30   1.0188114142020037     
          30          31  0.96732517110530603     
          31          32  0.99783957598156015     
          31          33  0.99722608446246153     
           6          34  0.91587702041584151     
          31          34  0.98067356135965245     
           6          35   1.1834708810014154     
          24          35   1.7026774395310067     
           8          36  0.99286778365719119     
          35          36  0.95003291786111166     
          11          37   1.2830777555569153     
          21          37   1.6152850238252809     
          14          38  0.98561885046233644     
          37          38  0.94277837718717805     
          14          39   1.3064142411613087     
          15          39   1.6295668395600194     
          17          40  0.96582223107808485     
          39          40  0.93722844695255658     
          40          41  0.95539540655353083     
          41          42   1.0086252529489654     
          41          43   1.0069553001871363     
          12          44   1.5886197243698694     
          17          44   1.3273169606740025     
          44          45  0.92688598202533612     
          45          46  0.98311457855080220     
          20          47  0.98552975201093740     
          46          47  0.99939220087467839     
           9          48   1.5649469234262001     
          20          48   1.2680732250121294     
          48          49   1.0317290141893707     
          49          50   2.7504185703842907     
          23          51  0.96906726676862021     
          50          51   1.0186684031979885     
          23          52   1.0141976278119051     
          23          53   1.0152906084618283     
          51          54  0.96096412157934541     
          51          55  0.97259742890735013     
          20          56  0.99040255758750051     
          45          57  0.97139194454935129     
          56          57  0.99469309370515102     
          17          58  0.98637831785190966     
          38          59  0.97598095983005728     
          18          60  0.97332790859614149     
          59          60  0.98184509056137492     
          26          61   1.0059812157890680     
          60          61  0.97871226594456684     
          26          62  0.98740336613234958     
          18          63  0.97513740675664617     
          62          63  0.99510130844575639     
          11          64  0.96352188551462958     
          64          65   1.0021135901158436     
          36          66  0.96132806743165311     
          65          66   1.0063108238342602     
          29          67   1.2105011408031852     
           5          68   1.1716816266130996     
          67          68   1.2313822635792453     
          68          69   1.3400299671258538     
          69          70   1.4882346748751145     
          26          71   1.0214297353173789     
          70          71   1.3337207120038379     
          67          72   1.3380868061093545     
          69          72  0.10902630355318577     
          71          72   1.4449779697231302     
          45          73  0.89453936607371753     
           1          74  0.98211782404604586     
           1          75  0.98239503066292655     
           1          76  0.98283238239907378     
           4          77  0.95392573271814407     
           7          78  0.97656233060854702     
           7          79  0.97740803591245340     
           7          80  0.97682843785954943     
          13          81  0.96254202264977173     
          16          82  0.96745185108242837     
          19          83  0.96685231294372320     
          27          84  0.96215299149955080     
          27          85  0.96843099275693878     
          28          86  0.98668986989396124     
          28          87  0.98372351274617431     
          28          88  0.98631500671369365     
          30          89  0.96943319594004551     
          30          90  0.96323320657311773     
          32          91  0.98435574429820749     
          32          92  0.98475779178982081     
          32          93  0.98415696527439867     
          33          94  0.98209381485341818     
          33          95  0.98281401207446117     
          33          96  0.98442304751931187     
          34          97  0.96586361372128970     
          34          98  0.96029230841981583     
          36          99  0.94589395370276041     
           8         100  0.92984479247018070     
          38         101  0.93554286945252740     
          14         102  0.91997682843137707     
          40         103  0.94952921590244244     
          41         104  0.96348491753191357     
          42         105  0.98496129840189917     
          42         106  0.98263909929633031     
          42         107  0.98576660365885838     
          43         108  0.98518699854358327     
          43         109  0.98326552888355856     
          43         110  0.98292898836463494     
          46         111  0.96952905906683484     
          46         112  0.97113731106928602     
          47         113  0.96203249102110289     
          47         114  0.96468985679813801     
          52         115  0.97894409845320418     
          52         116  0.97977844190146046     
          52         117  0.97255520311957311     
          53         118  0.98034834966176720     
          53         119  0.97793264986748685     
          53         120  0.97293869621042217     
          54         121  0.98472620789315901     
          54         122  0.98491965576470886     
          54         123  0.98009003311939868     
          55         124  0.97911664957194333     
          55         125  0.98364420806830821     
          55         126  0.98440057452854290     
          56         127  0.96020737147573154     
          56         128  0.96129533995797434     
          57         129  0.96543073316796679     
          57         130  0.97164940248437570     
          58         131  0.97188493051854130     
          58         132  0.96758150020672762     
          58         133  0.96786791399862682     
          59         134  0.97249427626816964     
          59         135  0.95892942410832827     
          60         136  0.96186723061473633     
          61         137  0.97263361847098206     
          61         138  0.96191330174939260     
          62         139  0.96520116258786848     
          62         140  0.97187629815589771     
          63         141  0.96145009636624268     
          63         142  0.96920136053193240     
          64         143  0.96364480900423377     
          64         144  0.96394225257091248     
          65         145  0.97012542373399202     
          65         146  0.97484802939067217     
          66         147  0.97540040293791019     
          66         148  0.97245098835420463     
          69         149  0.96553741316948982     
          70         150  0.96922323700243329     
          72         151  0.95919978182893528     
