   -0.12758293
   -0.23983317
   -0.35172997
    0.11377713
   -0.03654381
   -0.24367524
    0.03227341
   -0.19981604
   -0.53634654
    0.08529583
   -0.01693461
   -0.50419950
    0.05211172
   -0.17071034
   -0.48705398
   -0.04612720
   -0.07040324
   -0.34473078
   -0.01929360
   -0.07533513
   -0.50974862
   -0.00153314
   -0.18358419
   -0.46406493
    0.02327273
   -0.18342022
   -0.00260122
   -0.11852497
   -0.04107742
   -0.07124687
    0.02520127
   -0.12348793
   -0.11803152
    0.07086016
    0.35873161
    0.02120575
    0.25531779
    0.02705743
    0.27603245
    0.00430126
   -0.01341100
   -0.12234349
   -0.11699042
    0.25515956
    0.15604251
   -0.06912550
   -0.00666871
    0.29248467
   -0.07952513
   -0.00932674
    0.10096958
   -0.03417695
   -0.04007946
   -0.12291073
   -0.11363369
   -0.00759958
   -0.08008192
   -0.06450170
   -0.08730085
    0.11387144
    0.00727050
    0.01092156
    0.06504293
   -0.01515061
   -0.07057250
   -0.06717059
   -0.02437535
    0.02972150
   -0.05664251
   -0.06005041
    0.04531403
   -0.05947720
   -0.29325571
    0.04972009
    0.06942994
    0.05139209
    0.01906423
    0.04351503
    0.03478285
    0.06987772
    0.05102933
    0.05668228
    0.05362313
    0.06631475
    0.05532657
    0.04479305
    0.05600742
    0.04934072
    0.04713464
    0.05680962
    0.04918617
    0.04662919
    0.05247386
    0.04843120
    0.05037188
    0.03761844
    0.05878918
    0.05895653
    0.07850241
    0.18045630
    0.09226304
    0.20833594
    0.07926728
    0.05321304
    0.06018344
    0.04131591
    0.04899043
    0.04225305
    0.05662320
    0.03615100
    0.06799731
    0.07050942
    0.07875792
    0.07037271
    0.04251708
    0.01258687
    0.03632741
    0.04491832
    0.05464045
    0.01362137
    0.05288421
    0.05883287
    0.06192854
    0.04735029
    0.03627948
    0.05093699
    0.05918218
    0.08475573
    0.08311322
    0.07908074
    0.08940986
    0.09423889
    0.05632820
    0.05932905
    0.08614879
    0.03387510
    0.04501224
    0.01518849
    0.01276473
    0.04239072
    0.04714063
    0.05922746
    0.08204062
    0.06083066
    0.07004079
    0.05897372
    0.05202916
    0.06451159
    0.03436771
    0.02125984
    0.03321473
