           1           4  0.99819857636473597     
           3           4  0.95384611550668741     
           3           7  0.98578186304558302     
           2          10   1.4247351137354634     
           4          10  0.97520791726314704     
           8          11   1.0042335188259435     
           2          13   1.4369446106267112     
          14          15  0.20033948320309997     
          10          16  0.10986835825594501     
          13          16   1.4193557856616594     
          12          17  0.19963427108726678     
          16          19   1.4484073596389646     
           9          20  0.19252204193559894     
          11          21  0.19255126324530392     
          10          22   1.3588821691467525     
          13          22  0.11020280088131745     
          19          22   1.3974186574508582     
           6          24  0.17866299057297610     
           5          25   1.1654180943221677     
          22          25   1.0255726655233697     
           5          27  0.98767398962091413     
          27          28   1.0053291014231871     
          25          29   1.5113690460591780     
          29          30   1.0191447132619280     
          30          31  0.96701405606874025     
          31          32  0.99754378791173104     
          31          33  0.99742103402502802     
           6          34  0.91716212419817833     
          31          34  0.98069624005790024     
           6          35   1.1838423852640183     
          24          35   1.7031064485116878     
           8          36  0.99185642695445198     
          35          36  0.94898628884240210     
          11          37   1.2868232603619663     
          21          37   1.6092497584008671     
          14          38  0.98542625645254767     
          37          38  0.94776474951027789     
          14          39   1.2983458481008645     
          15          39   1.6449806049435178     
          17          40  0.96071776697306988     
          39          40  0.92883289836119576     
          40          41  0.97429994120985697     
          41          42   1.0083836564071578     
          41          43   1.0061927088854736     
          12          44   1.5986568498049587     
          17          44   1.3108990875149422     
          44          45  0.92912603603219612     
          45          46  0.98671178150646277     
          20          47  0.98563335317917933     
          46          47  0.99860819773914233     
           9          48   1.5631922191060044     
          20          48   1.2693007857198249     
          48          49   1.0327397656022426     
          49          50   2.7475619975637282     
          23          51  0.96821942826448015     
          50          51   1.0204755129309913     
          23          52   1.0157922154217121     
          23          53   1.0143595792845492     
          51          54  0.97374772201208382     
          51          55  0.95848357579007937     
          20          56  0.99016542617970604     
          45          57  0.97134499032476862     
          56          57  0.99649520170336847     
          17          58  0.98829321074789056     
          38          59  0.97368563490993842     
          18          60  0.97540646813323439     
          59          60  0.98196058082347004     
          26          61   1.0059142250611133     
          60          61  0.97808409558586751     
          26          62  0.99011968193425393     
          18          63  0.97476677933143518     
          62          63  0.99433150118272728     
          11          64  0.96287343862333197     
          64          65   1.0020415868722461     
          36          66  0.96141397395326855     
          65          66   1.0063347608719440     
          29          67   1.2127921203906087     
           5          68   1.1725908340855660     
          67          68   1.2316717565421611     
          68          69   1.3395244272180515     
          69          70   1.4895259224343920     
          26          71   1.0097502966335390     
          70          71   1.3358550497463209     
          67          72   1.3345645822337062     
          69          72  0.10873517928148657     
          71          72   1.4539829586161204     
          45          73  0.88383807149993188     
           1          74  0.98240344346347175     
           1          75  0.98263820404560787     
           1          76  0.98245989422129565     
           4          77  0.95343277331806309     
           7          78  0.97693585451184917     
           7          79  0.97655645703398808     
           7          80  0.97744146424196243     
          13          81  0.96257832897778162     
          16          82  0.96746542455019791     
          19          83  0.96709234119450593     
          27          84  0.96352722414177938     
          27          85  0.96769237957664678     
          28          86  0.98712200012641049     
          28          87  0.98350718539112769     
          28          88  0.98580961358742969     
          30          89  0.96882219008005854     
          30          90  0.96421252715791372     
          32          91  0.98433755392631161     
          32          92  0.98414048033510237     
          32          93  0.98442632289374588     
          33          94  0.98231453137735025     
          33          95  0.98425190948102825     
          33          96  0.98244381365372113     
          34          97  0.96575091069016328     
          34          98  0.96051319997096807     
          36          99  0.94794152660807085     
           8         100  0.93058776839948842     
          38         101  0.93556943148380112     
          14         102  0.91578707127362569     
          40         103  0.94229473472941083     
          41         104  0.96218448813118862     
          42         105  0.98332580759155541     
          42         106  0.98536231947279607     
          42         107  0.98190121843595479     
          43         108  0.98590391363132635     
          43         109  0.98399733692686286     
          43         110  0.98533611874656446     
          46         111  0.97086738725595312     
          46         112  0.97118121277797731     
          47         113  0.96511880819186768     
          47         114  0.95721072221137504     
          52         115  0.98055341973027144     
          52         116  0.97350383819473851     
          52         117  0.97776658634215918     
          53         118  0.98003187552095050     
          53         119  0.97867984145737452     
          53         120  0.97250890583102745     
          54         121  0.98350877776024603     
          54         122  0.97962417328358520     
          54         123  0.98395866935967347     
          55         124  0.98465030285117716     
          55         125  0.98543090874972183     
          55         126  0.97936036151906680     
          56         127  0.96136810506898063     
          56         128  0.95849777450393470     
          57         129  0.96738954689578571     
          57         130  0.96583241015776100     
          58         131  0.96902089336756025     
          58         132  0.97046152450200185     
          58         133  0.96486101668712709     
          59         134  0.97356228947821222     
          59         135  0.95919565210997515     
          60         136  0.95639033358806658     
          61         137  0.97308834224771779     
          61         138  0.96119416436995919     
          62         139  0.96453398699586823     
          62         140  0.97282951939974771     
          63         141  0.96259338670281791     
          63         142  0.96920038924203200     
          64         143  0.96362447992875677     
          64         144  0.96373994555668441     
          65         145  0.96991681429467591     
          65         146  0.97514707646394672     
          66         147  0.97494001914633976     
          66         148  0.97220975452854774     
          69         149  0.96578136617178423     
          70         150  0.96951685233812290     
          72         151  0.96098068165419415     
