#Frame       SA_00001
       1    1185.0009
       2    1170.7030
       3    1196.3598
       4    1134.6065
       5    1160.2375
       6    1181.9749
       7    1172.3971
       8    1189.1204
       9    1187.5865
      10    1157.3025
      11    1189.9905
      12    1171.7437
      13    1194.7194
      14    1180.1190
      15    1188.9459
      16    1179.2380
      17    1180.2386
      18    1187.8621
      19    1169.1421
      20    1135.9380
      21    1180.5025
      22    1177.7477
      23    1202.7215
      24    1163.4520
      25    1202.2042
      26    1174.0691
      27    1221.2829
      28    1180.8051
      29    1201.8599
      30    1164.4000
      31    1205.4117
      32    1196.5778
      33    1181.6953
      34    1195.1324
      35    1198.9600
      36    1203.4686
      37    1179.2157
      38    1185.5105
      39    1199.8067
      40    1195.8987
      41    1194.6085
      42    1194.6679
      43    1184.3028
      44    1170.5142
      45    1181.9900
      46    1190.1498
      47    1167.7916
      48    1157.5373
      49    1203.4451
      50    1195.0583
      51    1194.4196
      52    1162.3432
      53    1221.5573
      54    1183.7190
      55    1195.2281
      56    1161.5222
      57    1176.6814
      58    1199.9613
      59    1201.2891
      60    1192.9035
      61    1204.0806
      62    1212.1838
