#Frame       SA_00001
       1    8073.0447
       2    8135.1452
       3    8072.2431
       4    8092.2290
       5    7918.8463
       6    7824.0653
       7    8197.4033
       8    8111.1463
       9    8217.6077
      10    7965.7953
      11    8289.3521
      12    8391.4755
      13    8047.6097
      14    8189.5564
      15    7937.4732
      16    8175.6391
      17    8121.7742
      18    8047.7468
      19    8314.8805
      20    8246.3244
      21    8176.6038
      22    7954.8965
      23    8157.0377
      24    7515.6433
      25    7894.7401
      26    7579.0188
      27    7797.2082
      28    7843.2953
      29    7977.7894
      30    8139.8352
      31    8246.3000
      32    8109.7781
      33    8234.9267
      34    8098.8234
      35    8399.8657
      36    8114.9515
      37    8190.9841
      38    8441.2565
      39    8235.7484
      40    8133.9729
      41    8082.6347
      42    8331.9490
      43    8027.4216
      44    8053.8578
      45    8208.8686
      46    8476.0635
      47    8143.2889
      48    7944.7000
      49    8127.4424
      50    7866.3693
      51    8211.0745
      52    8131.4063
      53    8319.6734
      54    8062.3915
      55    8091.3879
      56    8119.6540
      57    8071.8893
      58    7962.9275
      59    7976.4045
      60    8022.1920
      61    8365.1369
      62    8168.2809
