#Frame       SA_00001
       1    7811.4829
       2    7749.4096
       3    7845.6832
       4    7876.9047
       5    7683.3905
       6    7853.9762
       7    7792.0056
       8    8037.6941
       9    8021.8576
      10    7605.3027
      11    7874.2819
      12    7836.1511
      13    8089.6479
      14    7814.7530
      15    7597.6870
      16    7379.0735
      17    7760.4245
      18    7728.0196
      19    7745.4351
      20    7687.4998
      21    7775.5525
      22    7524.3765
      23    7982.5849
      24    8319.6795
      25    8146.9454
      26    8173.6442
      27    7876.3040
      28    7742.2459
      29    8270.9119
      30    7683.4610
      31    8372.0583
      32    8146.2995
      33    7814.8791
      34    7984.5684
      35    7816.9866
      36    7836.1918
      37    7703.7887
      38    7695.9808
      39    7619.7371
      40    7839.9256
      41    7900.4970
      42    7773.8330
      43    7740.9340
      44    7713.6801
      45    7859.4555
      46    7948.1188
      47    7643.2673
      48    7877.4257
      49    7935.7195
      50    7732.0595
      51    7992.9293
      52    8045.6277
      53    7817.8425
      54    7999.8438
      55    7870.3991
      56    7609.7548
      57    7561.5449
      58    7729.0187
      59    7546.9659
      60    7844.0574
      61    7834.9230
      62    7811.0377
