#Frame       SA_00001
       1    7901.4085
       2    8066.4174
       3    8095.0621
       4    8052.7389
       5    8228.4729
       6    8105.6999
       7    8302.2053
       8    8188.5760
       9    8041.8227
      10    8003.5272
      11    7844.1230
      12    8171.1237
      13    8109.9766
      14    7964.5044
      15    7954.2854
      16    8031.9487
      17    8084.9563
      18    7992.4769
      19    8048.5870
      20    8157.3187
      21    8077.4968
      22    8031.8798
      23    8242.7354
      24    8075.2792
      25    8013.5025
      26    7920.1056
      27    7856.6416
      28    8141.6399
      29    8215.3184
      30    8178.8400
      31    8311.1394
      32    8101.5931
      33    7880.6120
      34    7972.3805
      35    8084.7591
      36    8126.7837
      37    7897.7838
      38    7840.3572
      39    8016.2154
      40    7866.7068
      41    8047.0450
      42    8107.4117
      43    8188.3697
      44    7874.4262
      45    7862.1958
      46    8002.6078
      47    7844.6082
      48    7840.7189
      49    8241.1568
      50    7704.2177
      51    7803.6388
      52    8068.0312
      53    7988.7801
      54    8151.2693
      55    8024.0601
      56    8030.3726
      57    7790.7113
      58    8191.3464
      59    8102.5511
      60    8006.6726
      61    7926.2867
