#Frame       SA_00001
       1    8166.0706
       2    8319.6604
       3    8380.8931
       4    8138.1428
       5    8016.3762
       6    7990.9532
       7    8456.2116
       8    8171.0348
       9    8394.6973
      10    8110.3019
      11    8514.1015
      12    8650.3314
      13    8301.1973
      14    8476.9335
      15    8124.3076
      16    8373.6612
      17    8339.2800
      18    8276.7897
      19    8518.9350
      20    8421.4647
      21    8337.6764
      22    8197.4752
      23    8351.5696
      24    7617.3416
      25    8061.4688
      26    7812.0054
      27    8017.0412
      28    8039.9741
      29    8070.8434
      30    8360.0012
      31    8577.2842
      32    8326.9545
      33    8401.1954
      34    8345.4713
      35    8554.7161
      36    8321.2902
      37    8478.4418
      38    8777.9636
      39    8618.3193
      40    8429.3692
      41    8422.0181
      42    8588.2127
      43    8374.3247
      44    8394.3504
      45    8572.9391
      46    8830.0851
      47    8434.5427
      48    8328.5496
      49    8523.2508
      50    8188.9681
      51    8623.5547
      52    8473.1439
      53    8685.6439
      54    8390.4990
      55    8452.8537
      56    8376.8168
      57    8388.9234
      58    8304.6610
      59    8258.5755
      60    8327.7794
      61    8657.4861
      62    8480.1063
