#Frame       SA_00001
       1    1202.1679
       2    1175.9802
       3    1199.5271
       4    1196.0104
       5    1194.7908
       6    1169.4742
       7    1146.3176
       8    1201.6931
       9    1211.3496
      10    1171.2186
      11    1185.4459
      12    1162.3474
      13    1172.3680
      14    1179.5392
      15    1176.7402
      16    1167.8554
      17    1184.4555
      18    1206.5417
      19    1187.8872
      20    1194.8533
      21    1164.5976
      22    1193.9190
      23    1207.6835
      24    1193.0754
      25    1203.2939
      26    1199.3295
      27    1190.5564
      28    1201.7042
      29    1190.0380
      30    1207.5318
      31    1190.8385
      32    1205.4649
      33    1197.2560
      34    1187.6789
      35    1184.9411
      36    1194.8130
      37    1199.4188
      38    1215.6677
      39    1200.6514
      40    1214.9902
      41    1202.3213
      42    1197.8333
      43    1201.9741
      44    1190.0279
      45    1215.0830
      46    1200.0193
      47    1185.4344
      48    1199.7960
      49    1211.3962
      50    1191.5817
      51    1190.6996
      52    1185.8954
      53    1202.5395
      54    1165.3289
      55    1205.7454
      56    1195.3717
      57    1209.1348
      58    1163.2723
      59    1186.7973
      60    1184.9738
      61    1185.9153
