#Frame       SA_00001
       1    7996.1651
       2    7992.5726
       3    7978.6353
       4    8020.5289
       5    8160.6072
       6    8166.5024
       7    8230.2392
       8    8188.6665
       9    8211.7391
      10    8187.4482
      11    8130.6261
      12    8192.1749
      13    8040.2750
      14    8193.2684
      15    7777.2791
      16    8040.5397
      17    8059.4129
      18    8045.5786
      19    8256.6140
      20    7774.5451
      21    8014.2341
      22    8020.8245
      23    8077.1088
      24    8270.3479
      25    8043.6522
      26    8034.3267
      27    7914.7704
      28    7877.1238
      29    8135.8590
      30    8201.4083
      31    8041.2370
      32    8171.7863
      33    8312.3210
      34    7981.2202
      35    7990.5510
      36    8005.5119
      37    8217.9465
      38    8213.3974
      39    8193.9107
      40    8255.3671
      41    8210.8472
      42    8276.4877
      43    8035.9916
      44    8252.4207
      45    8023.3915
      46    8186.4149
      47    8164.4800
      48    7556.1178
      49    7983.0617
      50    8056.6816
      51    8159.5763
      52    8234.2646
      53    7959.3510
      54    8388.3351
      55    8260.6736
      56    8073.0400
      57    7959.2906
      58    8298.2176
      59    8215.9160
      60    8039.3888
      61    8473.9939
      62    8246.9446
