#Frame       SA_00001
       1    1201.4812
       2    1219.2968
       3    1220.3468
       4    1208.3167
       5    1207.3239
       6    1188.0358
       7    1201.5689
       8    1187.3711
       9    1210.5987
      10    1209.9483
      11    1216.3996
      12    1206.4381
      13    1211.2501
      14    1213.4514
      15    1196.6294
      16    1196.6822
      17    1190.6269
      18    1199.2091
      19    1188.7248
      20    1208.5576
      21    1199.8199
      22    1201.3958
      23    1187.3376
      24    1187.1001
      25    1189.9186
      26    1195.5565
      27    1213.0241
      28    1206.8535
      29    1201.2561
      30    1206.7456
      31    1197.9028
      32    1198.9493
      33    1198.2834
      34    1197.1137
      35    1184.2158
      36    1195.8122
      37    1202.5504
      38    1189.6542
      39    1193.1886
      40    1204.8118
      41    1189.4302
      42    1207.5005
      43    1202.4909
      44    1197.8338
      45    1210.0380
      46    1195.1237
      47    1173.4794
      48    1185.8132
      49    1192.9722
      50    1191.6794
      51    1193.5868
      52    1199.6842
      53    1184.6910
      54    1187.1783
      55    1192.9930
      56    1188.7852
      57    1193.8152
      58    1194.4683
      59    1193.5436
      60    1189.9470
      61    1194.8311
      62    1209.3225
