#Frame       SA_00001
       1    8077.6851
       2    8332.1704
       3    8395.7412
       4    8287.0948
       5    8515.2021
       6    8291.9810
       7    8525.7770
       8    8470.3483
       9    8325.6274
      10    8160.4641
      11    7966.9842
      12    8245.6520
      13    8228.1272
      14    8010.7218
      15    7912.0589
      16    8016.2371
      17    8109.5118
      18    8131.1979
      19    8130.3072
      20    8140.6427
      21    7997.8877
      22    8164.3695
      23    8430.2297
      24    8268.0564
      25    8141.2892
      26    8097.2921
      27    7948.4598
      28    8280.9300
      29    8324.9288
      30    8396.7825
      31    8574.3715
      32    8232.3168
      33    8067.6865
      34    8162.7075
      35    8209.0630
      36    8257.4071
      37    8057.0763
      38    7960.6717
      39    8190.5907
      40    8046.4019
      41    8159.3848
      42    8206.9799
      43    8425.2370
      44    7943.5873
      45    8039.0812
      46    8240.0705
      47    8091.8214
      48    8105.9607
      49    8530.2745
      50    7874.2418
      51    8039.6454
      52    8263.4087
      53    8246.7309
      54    8377.1616
      55    8248.9850
      56    8191.8716
      57    8009.5725
      58    8294.0841
      59    8218.2966
      60    8133.5310
      61    8103.0920
