#Frame       SA_00001
       1    7766.8533
       2    8101.9408
       3    8082.8492
       4    8085.5891
       5    8274.4270
       6    8042.3475
       7    7984.0815
       8    8008.5052
       9    8023.0635
      10    7669.5580
      11    7729.7541
      12    8072.6349
      13    8055.5105
      14    8090.0639
      15    8058.2148
      16    8179.7764
      17    8236.7413
      18    7996.0334
      19    8271.4267
      20    8412.0968
      21    8301.5988
      22    8145.9658
      23    8245.4494
      24    8211.9864
      25    8236.0864
      26    7926.7093
      27    7767.4582
      28    7817.5027
      29    7900.8448
      30    7924.6278
      31    7749.1679
      32    7810.8648
      33    7837.7953
      34    7970.0177
      35    8061.1147
      36    7969.7778
      37    7883.2651
      38    7883.6877
      39    8013.6158
      40    7949.5657
      41    8302.5355
      42    8050.0354
      43    8330.2453
      44    8446.0393
      45    8363.7288
      46    8408.6507
      47    8092.4233
      48    8010.4429
      49    8062.9484
      50    7771.4202
      51    7799.5667
      52    8024.4448
      53    8023.4755
      54    7747.1765
      55    7968.1306
      56    8298.7036
      57    8183.0042
      58    8046.5242
      59    8030.2906
      60    7924.4652
      61    8319.1129
      62    8126.4162
      63    8111.3759
