   -0.12724861
   -0.24159193
   -0.35319984
    0.11510062
   -0.04945617
   -0.24257832
    0.03128257
   -0.19970354
   -0.53651735
    0.08435752
   -0.01826171
   -0.51742720
    0.05177822
   -0.15693341
   -0.49693611
   -0.04709055
   -0.07090404
   -0.33913246
   -0.02028457
   -0.07673880
   -0.50496909
   -0.00214409
   -0.18412842
   -0.46727518
    0.02125047
   -0.12748988
   -0.00089960
   -0.11699001
   -0.04533130
   -0.07027898
    0.02434137
   -0.12208725
   -0.11707229
    0.07078720
    0.35809496
    0.02043024
    0.26455100
    0.02428565
    0.27963069
    0.00936271
   -0.00929424
   -0.11568705
   -0.11803848
    0.25252707
    0.15232848
   -0.06793049
   -0.00261461
    0.29137762
   -0.07843615
   -0.00977092
    0.10114768
   -0.03445248
   -0.03954317
   -0.12031822
   -0.11652747
   -0.00905510
   -0.07342323
   -0.06830637
   -0.07709140
    0.10841463
   -0.00770396
   -0.00866409
    0.06396197
   -0.01388918
   -0.07044550
   -0.06672918
   -0.02691130
    0.02293027
   -0.05695619
   -0.07139317
    0.04938056
   -0.07767277
   -0.27649258
    0.05054370
    0.06841595
    0.05086599
    0.01568507
    0.07074157
    0.04370463
    0.03572599
    0.04746261
    0.05395503
    0.05211068
    0.06205367
    0.05261470
    0.04171949
    0.05369827
    0.04964939
    0.04580952
    0.05182980
    0.05228054
    0.04987805
    0.04531099
    0.03831022
    0.04688800
    0.04714586
    0.05670254
    0.06142639
    0.07275208
    0.18103228
    0.08615085
    0.21573014
    0.07085440
    0.04116133
    0.05165732
    0.04726434
    0.03372564
    0.04821432
    0.04406200
    0.05373123
    0.06874000
    0.06574823
    0.06616239
    0.07801051
    0.03603621
    0.04219847
    0.01476192
    0.04385081
    0.05330895
    0.01463590
    0.05973643
    0.05802311
    0.05347253
    0.03884402
    0.05044563
    0.04835932
    0.07779290
    0.07821757
    0.07214943
    0.06893606
    0.09033077
    0.07858497
    0.08149313
    0.07805857
    0.06915805
    0.03972480
    0.03381845
    0.05415277
    0.06275564
    0.03628452
    0.07372814
    0.03644168
    0.07877107
    0.05947226
    0.07022949
    0.05889834
    0.05099714
    0.06494610
    0.02812350
    0.02697216
    0.01945994
