           1           4  0.99490806797000841     
           3           4  0.95398535835386411     
           3           7  0.98527651474852673     
           2          10   1.4198484076683597     
           4          10  0.97639331956460562     
           8          11   1.0051707747766707     
           2          13   1.4412010507394988     
          14          15  0.19982570160741028     
          10          16  0.10833984864146101     
          13          16   1.4134260184371712     
          12          17  0.20410599922501715     
          16          19   1.4547595088522212     
           9          20  0.19321169900420504     
          11          21  0.19374739040243366     
          10          22   1.3583942502459230     
          13          22  0.10786483252443405     
          19          22   1.3874242891563706     
           6          24  0.17839959654663187     
           5          25   1.1619326178453462     
          22          25   1.0364242740601819     
           5          27  0.98838346325397641     
          27          28   1.0050743221998790     
          25          29   1.5033805601842485     
          29          30   1.0196984566791543     
          30          31  0.96559940054188675     
          31          32  0.99761708552311601     
          31          33  0.99631551127843165     
           6          34  0.91579445739557253     
          31          34  0.98139836214686904     
           6          35   1.1909617808768880     
          24          35   1.6975183269732337     
           8          36  0.99523096592498761     
          35          36  0.95013271506116781     
          11          37   1.2779544296596472     
          21          37   1.6254556202879875     
          14          38  0.98612854266374439     
          37          38  0.93424636341856493     
          14          39   1.3083929001258006     
          15          39   1.6264504630417695     
          17          40  0.96119701613864084     
          39          40  0.93864511715980115     
          40          41  0.96890195182190197     
          41          42   1.0071284740057329     
          41          43   1.0102554429180319     
          12          44   1.5971000762106513     
          17          44   1.3213508580598099     
          44          45  0.92859900889067426     
          45          46  0.98099336190537711     
          20          47  0.98654446981049160     
          46          47  0.99835369221587933     
           9          48   1.5662066227807359     
          20          48   1.2657974967469243     
          48          49   1.0346254009738096     
          49          50   2.7473726059227914     
          23          51  0.96994455558164905     
          50          51   1.0204568484861032     
          23          52   1.0160222299462243     
          23          53   1.0144264960528517     
          51          54  0.96986834393927157     
          51          55  0.96046343175897031     
          20          56  0.98873139300948965     
          45          57  0.97319472296726117     
          56          57  0.99575718772547717     
          17          58  0.98392375873380999     
          38          59  0.98150577949859485     
          18          60  0.97067029054879106     
          59          60  0.99017109004789994     
          26          61  0.99986561519297512     
          60          61  0.97972387266230232     
          26          62  0.99926711858894945     
          18          63  0.97588487707149896     
          62          63  0.99342381718974804     
          11          64  0.96734747419721101     
          64          65  0.99997947825980837     
          36          66  0.95749064400639738     
          65          66   1.0060783774285069     
          29          67   1.2096307232356214     
           5          68   1.1529281979686890     
          67          68   1.2422102028203403     
          68          69   1.3353523665630318     
          69          70   1.5032514987288641     
          26          71   1.1137033253756810     
          70          71   1.2896352757537348     
          67          72   1.3307449894046219     
          69          72  0.10490521170894536     
          71          72   1.4058982587889197     
          45          73  0.89610218919244899     
           1          74  0.98164741056717175     
           1          75  0.98252155763059934     
           1          76  0.98208169663872424     
           4          77  0.95667574875363959     
           7          78  0.97739591454661778     
           7          79  0.97671490215882040     
           7          80  0.97688864541001641     
          13          81  0.96272074244028327     
          16          82  0.96770377159307142     
          19          83  0.96638175740514876     
          27          84  0.96352793617061805     
          27          85  0.96844170616007208     
          28          86  0.98748191896740867     
          28          87  0.98390788252950867     
          28          88  0.98585427776355239     
          30          89  0.96742028522650125     
          30          90  0.96738667814358903     
          32          91  0.98438259414333884     
          32          92  0.98412208510581478     
          32          93  0.98443224572931542     
          33          94  0.98199127536877384     
          33          95  0.98297316853809724     
          33          96  0.98416995890519898     
          34          97  0.96612786447568988     
          34          98  0.96178432730228924     
          36          99  0.94895680344008682     
           8         100  0.92779412448406173     
          38         101  0.93482800378953901     
          14         102  0.92043747785061136     
          40         103  0.94401558726719281     
          41         104  0.96639144013121991     
          42         105  0.98439841091171831     
          42         106  0.98446983971101387     
          42         107  0.98653007558212114     
          43         108  0.98386614155174223     
          43         109  0.98501377534796586     
          43         110  0.98196646998052373     
          46         111  0.97109609311023048     
          46         112  0.97123949599487791     
          47         113  0.96175600517112392     
          47         114  0.96492682374704652     
          52         115  0.97742223793293181     
          52         116  0.98071993075147001     
          52         117  0.97293377499365830     
          53         118  0.98002609222661463     
          53         119  0.97873166145137713     
          53         120  0.97228431277493499     
          54         121  0.97845879960311910     
          54         122  0.98440916635302123     
          54         123  0.98326258251929000     
          55         124  0.98543672338747146     
          55         125  0.98015498115474564     
          55         126  0.98462988713234023     
          56         127  0.95844092038016648     
          56         128  0.96050534582576974     
          57         129  0.96403647479962806     
          57         130  0.97131938680660546     
          58         131  0.96075401423043572     
          58         132  0.97241487378697800     
          58         133  0.96929309629763694     
          59         134  0.96793229121189461     
          59         135  0.96711651426601486     
          60         136  0.95434111308979963     
          61         137  0.95718280204821959     
          61         138  0.95938065036500109     
          62         139  0.95962526876218757     
          62         140  0.96299701663414894     
          63         141  0.96416091111085667     
          63         142  0.96612388789864301     
          64         143  0.96488397258704994     
          64         144  0.96441925411662899     
          65         145  0.97003274269151452     
          65         146  0.97524870152880105     
          66         147  0.97540952938020975     
          66         148  0.97290806888054338     
          69         149  0.96620847863567905     
          70         150  0.95955958678079722     
          72         151  0.95543659673628645     
