#Frame       SA_00001
       1    7905.3571
       2    8127.3852
       3    7669.8765
       4    7857.2661
       5    7862.8038
       6    7795.1466
       7    7788.5835
       8    7490.3187
       9    7670.6370
      10    7729.1185
      11    7820.3810
      12    8023.0267
      13    8073.1213
      14    7811.9227
      15    7771.5342
      16    7772.7764
      17    7777.5190
      18    7885.1334
      19    8019.5909
      20    7894.3900
      21    7907.8939
      22    7889.4449
      23    7988.3657
      24    8087.2848
      25    7995.4861
      26    7972.1389
      27    8139.6629
      28    7755.2147
      29    7900.2278
      30    7968.9343
      31    7848.2398
      32    8095.5534
      33    7785.7949
      34    7872.2716
      35    7947.7408
      36    8072.8686
      37    7900.6856
      38    8190.2197
      39    7959.6423
      40    7937.9085
      41    8064.4056
      42    8061.9187
      43    7949.9705
      44    7880.3854
      45    7974.8014
      46    7810.5169
      47    7773.3519
      48    7662.9857
      49    7966.3048
      50    8263.5124
      51    8096.0699
      52    8201.8462
      53    8113.2832
      54    7922.4578
      55    7954.7894
      56    7602.7281
      57    7679.0293
      58    7791.4851
      59    7968.6851
      60    8241.0188
      61    8088.6770
      62    7804.3347
