#Frame       SA_00001
       1    1167.7745
       2    1200.4407
       3    1207.6738
       4    1208.2363
       5    1202.3484
       6    1196.4509
       7    1199.8948
       8    1178.3183
       9    1197.0373
      10    1209.3722
      11    1184.4058
      12    1181.6989
      13    1172.0973
      14    1161.8111
      15    1196.1470
      16    1158.5178
      17    1209.2392
      18    1185.7264
      19    1198.2202
      20    1191.1460
      21    1189.5621
      22    1186.4149
      23    1214.7464
      24    1209.5999
      25    1197.3322
      26    1190.2040
      27    1213.3225
      28    1215.7967
      29    1208.4500
      30    1199.0762
      31    1211.4637
      32    1189.9520
      33    1195.5928
      34    1201.0733
      35    1204.6715
      36    1204.4187
      37    1197.3806
      38    1207.6283
      39    1206.1429
      40    1155.0955
      41    1194.5035
      42    1204.5398
      43    1188.4774
      44    1187.4710
      45    1185.3481
      46    1184.8376
      47    1197.4144
      48    1179.8813
      49    1187.3809
      50    1192.2439
      51    1192.0691
      52    1179.6212
      53    1204.5064
      54    1182.8619
      55    1166.3548
      56    1184.2211
      57    1191.4906
      58    1196.8692
      59    1205.7079
      60    1208.9328
      61    1186.4029
      62    1210.7850
      63    1199.2095
