#Frame       SA_00001
       1    8299.3111
       2    8285.9729
       3    8185.8837
       4    8046.6026
       5    8266.6623
       6    8069.4951
       7    8286.7475
       8    8116.0480
       9    8204.6413
      10    7946.6378
      11    8098.2281
      12    7959.5203
      13    8269.3469
      14    8145.0006
      15    8218.7753
      16    8272.2474
      17    8235.6828
      18    8027.8051
      19    8201.0291
      20    8081.2766
      21    8264.7276
      22    8116.9257
      23    7965.9157
      24    7928.3741
      25    8102.0211
      26    8109.1171
      27    7730.9837
      28    8284.7620
      29    8115.8853
      30    8041.4983
      31    8057.2838
      32    8132.4730
      33    7919.1393
      34    7984.8552
      35    8291.5033
      36    7840.7108
      37    8027.4061
      38    7780.6279
      39    7979.9918
      40    7768.5764
      41    8238.6535
      42    8245.5066
      43    7947.9395
      44    8246.4068
      45    7946.4118
      46    7854.1872
      47    8442.7384
      48    8151.5580
      49    8314.5953
      50    8482.7742
      51    8176.1683
      52    8229.4932
      53    8429.2746
      54    8693.0054
      55    8647.8229
      56    8393.3926
      57    8285.4984
      58    8243.4631
      59    8018.5825
      60    8613.5417
      61    8317.4968
      62    8451.5845
