#Frame       SA_00001
       1    7670.8278
       2    8021.7672
       3    8207.0258
       4    8399.0237
       5    8046.9530
       6    8267.0428
       7    8084.8390
       8    8234.9786
       9    8543.7884
      10    8598.2953
      11    8155.6947
      12    8446.3729
      13    8290.3413
      14    8422.7657
      15    8195.3916
      16    8184.0011
      17    8144.0711
      18    8078.3962
      19    8321.2031
      20    8215.4918
      21    8298.0360
      22    7878.1497
      23    7974.7565
      24    8152.7151
      25    7995.6883
      26    7886.2502
      27    8187.4717
      28    8268.3369
      29    8023.6764
      30    7957.6435
      31    8313.2753
      32    8107.1527
      33    8043.9917
      34    8118.5259
      35    7921.6553
      36    7985.3366
      37    7918.0288
      38    8359.2603
      39    8118.5469
      40    7809.9023
      41    7868.1708
      42    8285.7755
      43    8208.3687
      44    8197.1339
      45    8296.0555
      46    8258.7431
      47    8371.0965
      48    8202.9759
      49    8203.6156
      50    8212.7635
      51    8253.1259
      52    8183.0441
      53    8099.3373
      54    8124.8434
      55    7935.3653
      56    8046.1700
      57    8085.6760
      58    8100.8483
      59    8254.1410
      60    8062.0244
      61    8274.4941
      62    8433.8287
      63    8202.2704
