#Frame       SA_00001
       1    1195.3013
       2    1199.7443
       3    1188.3228
       4    1186.7708
       5    1168.4368
       6    1179.3697
       7    1153.8076
       8    1198.7876
       9    1188.7584
      10    1193.9981
      11    1181.8318
      12    1185.0916
      13    1205.4056
      14    1205.3511
      15    1186.0614
      16    1190.2953
      17    1194.1041
      18    1187.5778
      19    1211.8415
      20    1193.3718
      21    1194.6073
      22    1193.3086
      23    1198.7177
      24    1201.2253
      25    1188.2592
      26    1201.5873
      27    1193.0654
      28    1201.6474
      29    1200.5197
      30    1195.3254
      31    1187.4196
      32    1190.1306
      33    1192.6857
      34    1168.7122
      35    1153.5014
      36    1172.1611
      37    1163.5806
      38    1170.0323
      39    1200.6302
      40    1192.6222
      41    1182.1246
      42    1188.6326
      43    1199.6592
      44    1174.8483
      45    1184.9622
      46    1191.0170
      47    1190.6627
      48    1142.0786
      49    1174.0482
      50    1185.8483
      51    1173.1507
      52    1180.4230
      53    1179.5480
      54    1188.5130
      55    1171.9804
      56    1185.0236
      57    1179.6935
      58    1156.8272
      59    1183.5388
      60    1189.8964
      61    1189.5735
      62    1195.9636
