#Frame       SA_00001
       1    7787.8554
       2    8023.5272
       3    7957.7679
       4    8024.1002
       5    8200.3439
       6    7969.4463
       7    8078.7463
       8    8137.8733
       9    7717.4157
      10    7848.9684
      11    7883.9593
      12    7921.0512
      13    7915.2135
      14    7982.0679
      15    8058.5566
      16    7951.4878
      17    8056.3783
      18    7979.7746
      19    8005.7802
      20    8014.4625
      21    8063.0001
      22    8198.0434
      23    8116.2135
      24    8011.8219
      25    8392.0611
      26    7835.0908
      27    8125.6577
      28    7862.5146
      29    8008.5492
      30    8076.1548
      31    7957.5627
      32    7984.8188
      33    7867.4081
      34    7808.9345
      35    7761.5125
      36    7768.0671
      37    7853.8930
      38    7567.3667
      39    7908.6173
      40    7830.6658
      41    7601.2694
      42    7952.1190
      43    7666.0207
      44    7777.1897
      45    7890.4781
      46    7674.8516
      47    7961.4519
      48    7928.5738
      49    7892.7490
      50    7836.7222
      51    8045.7568
      52    7757.3847
      53    7820.9428
      54    7980.1593
      55    7894.4185
      56    7696.1743
      57    8125.0340
      58    7981.8612
      59    8083.1051
      60    8015.4513
      61    7915.6134
      62    7960.4802
