#Frame       SA_00001
       1    1165.2763
       2    1189.7533
       3    1163.9713
       4    1182.8154
       5    1193.6946
       6    1188.6153
       7    1175.1188
       8    1138.1177
       9    1157.6888
      10    1200.9603
      11    1171.3371
      12    1181.2047
      13    1146.6893
      14    1177.0277
      15    1185.0994
      16    1201.1219
      17    1179.9658
      18    1186.1997
      19    1173.1564
      20    1193.7315
      21    1192.2382
      22    1202.9175
      23    1186.5097
      24    1195.6170
      25    1192.2360
      26    1201.2518
      27    1189.1682
      28    1161.4106
      29    1183.2141
      30    1177.6258
      31    1198.1266
      32    1203.6966
      33    1202.9101
      34    1196.0872
      35    1184.2542
      36    1161.0194
      37    1182.8119
      38    1184.0853
      39    1179.6849
      40    1182.6832
      41    1187.2587
      42    1179.8804
      43    1174.4274
      44    1190.5095
      45    1185.5472
      46    1184.8046
      47    1184.3075
      48    1157.4407
      49    1200.4536
      50    1182.0126
      51    1174.1646
      52    1208.1482
      53    1186.3061
      54    1208.2003
      55    1190.4100
      56    1208.9643
      57    1193.5903
      58    1179.7387
      59    1202.0930
      60    1201.9688
      61    1176.8278
      62    1193.5871
