#Frame       SA_00001
       1    1147.2309
       2    1181.7261
       3    1203.3565
       4    1189.9231
       5    1199.5159
       6    1185.4168
       7    1182.3234
       8    1174.2440
       9    1185.4931
      10    1154.7060
      11    1191.6897
      12    1208.1573
      13    1188.0868
      14    1207.3067
      15    1206.3185
      16    1191.5210
      17    1204.0761
      18    1144.9394
      19    1204.2751
      20    1193.6593
      21    1169.5394
      22    1169.5215
      23    1189.8329
      24    1162.6793
      25    1173.8661
      26    1174.4534
      27    1184.9547
      28    1192.8973
      29    1195.0613
      30    1166.3770
      31    1203.7044
      32    1193.2112
      33    1181.8593
      34    1176.0949
      35    1197.7231
      36    1202.1062
      37    1201.9491
      38    1203.7815
      39    1213.9028
      40    1199.1932
      41    1185.9981
      42    1202.3108
      43    1182.2237
      44    1220.9746
      45    1189.9682
      46    1168.4237
      47    1184.7791
      48    1205.2566
      49    1219.1691
      50    1177.8927
      51    1187.4108
      52    1191.7412
      53    1209.1867
      54    1156.1627
      55    1153.9599
      56    1163.1814
      57    1174.4910
      58    1199.9479
      59    1188.1925
      60    1174.8534
      61    1162.1074
      62    1155.5479
