#Frame       SA_00001
       1    7996.3000
       2    7982.3359
       3    7924.6386
       4    7730.4813
       5    7999.8930
       6    7746.7119
       7    8082.2591
       8    7802.4128
       9    7988.1230
      10    7722.5130
      11    7880.4620
      12    7719.8658
      13    8040.3767
      14    7905.8565
      15    7945.1066
      16    7985.5173
      17    7910.0400
      18    7711.4756
      19    8065.0981
      20    7874.3404
      21    8077.1494
      22    7823.1790
      23    7716.4973
      24    7776.5003
      25    7867.6706
      26    7932.5903
      27    7661.7127
      28    8253.1846
      29    7976.6676
      30    7853.3690
      31    8160.2376
      32    8060.0075
      33    7860.8070
      34    7940.6827
      35    8145.0423
      36    7785.8046
      37    7924.8155
      38    7837.4815
      39    8042.1367
      40    7729.8877
      41    8161.3896
      42    8053.1128
      43    7756.1530
      44    8034.7948
      45    7861.7846
      46    7661.7702
      47    8108.9711
      48    7876.4458
      49    7973.1359
      50    8177.9839
      51    7903.7824
      52    7949.1872
      53    8199.1180
      54    8487.5054
      55    8454.2397
      56    8137.3658
      57    8036.0879
      58    8054.4897
      59    7866.0108
      60    8403.3251
      61    8158.8441
      62    8193.9698
