   -0.12729924
   -0.24119179
   -0.35417256
    0.11344288
   -0.04702453
   -0.23992239
    0.03173690
   -0.20823097
   -0.53122638
    0.08399470
   -0.01478209
   -0.52769331
    0.05201161
   -0.15901547
   -0.49357815
   -0.04696400
   -0.06364397
   -0.35689123
   -0.02007061
   -0.08225038
   -0.50045169
   -0.00161089
   -0.18408950
   -0.46563252
    0.02079643
   -0.13130779
   -0.00063046
   -0.11657853
   -0.04582392
   -0.06974563
    0.02378025
   -0.11570756
   -0.11773229
    0.06181256
    0.36066372
    0.02074821
    0.25778201
    0.02037822
    0.27722899
    0.00763794
   -0.01450231
   -0.12051317
   -0.11879001
    0.25136834
    0.15587834
   -0.06187913
   -0.00413072
    0.29474777
   -0.07833405
   -0.00999978
    0.10145189
   -0.03425751
   -0.04014972
   -0.12054328
   -0.11113567
   -0.01346165
   -0.06974349
   -0.05997021
   -0.07030705
    0.11514996
   -0.01527240
   -0.01087434
    0.07673888
   -0.01767662
   -0.06995682
   -0.06763375
   -0.02731769
    0.02270908
   -0.05685437
   -0.06848267
    0.04950012
   -0.08002605
   -0.28262198
    0.05091190
    0.04925766
    0.07043255
    0.02066836
    0.03551533
    0.07102298
    0.04323973
    0.04864232
    0.05388838
    0.04975732
    0.06103648
    0.05431709
    0.05397198
    0.04849428
    0.04096833
    0.04393380
    0.04976995
    0.05181918
    0.03862822
    0.04140869
    0.04665482
    0.04902180
    0.04112220
    0.06252383
    0.07437607
    0.06251948
    0.18908983
    0.09296437
    0.21188107
    0.07372863
    0.05899638
    0.05715785
    0.04330613
    0.04359889
    0.05960565
    0.03981899
    0.03970475
    0.05074398
    0.06620578
    0.07555168
    0.08108247
    0.01494649
    0.03572566
    0.04361197
    0.05401283
    0.01378828
    0.04673675
    0.05058126
    0.05969198
    0.05938704
    0.04340372
    0.03645693
    0.04893179
    0.07892359
    0.08296315
    0.07333213
    0.06648624
    0.08816978
    0.07960622
    0.07870951
    0.06250572
    0.06293532
    0.02263408
    0.06972995
    0.05151588
    0.06216381
    0.05618127
    0.05265366
    0.02518785
    0.08267532
    0.06754759
    0.07103407
    0.05357775
    0.06005009
    0.05611401
    0.02761973
    0.02629812
    0.02491471
