           1           4  0.99597025005985818     
           3           4  0.95139644454405536     
           3           7  0.98550938231396912     
           2          10   1.4216069517419139     
           4          10  0.97737948444853195     
           8          11   1.0052663443654715     
           2          13   1.4396264812532180     
          14          15  0.20089045420296545     
          10          16  0.10943213404143547     
          13          16   1.4166581789073129     
          12          17  0.19657287837608003     
          16          19   1.4500571714909603     
           9          20  0.18658999423113326     
          11          21  0.19501684121095475     
          10          22   1.3570172423938960     
          13          22  0.10885344330466062     
          19          22   1.3947754167949729     
           6          24  0.18440343110460150     
           5          25   1.1626348772025064     
          22          25   1.0294709018146706     
           5          27  0.98935318469900535     
          27          28   1.0046245852561979     
          25          29   1.5094799337534355     
          29          30   1.0185139939873122     
          30          31  0.96649273073626751     
          31          32  0.99818622844736560     
          31          33  0.99680381755378344     
           6          34  0.91505472260895315     
          31          34  0.97433713293300050     
           6          35   1.2011040216479130     
          24          35   1.6955359603662008     
           8          36  0.98013834062139715     
          35          36  0.94229488054962007     
          11          37   1.2845465457818745     
          21          37   1.6203669956036539     
          14          38  0.99087946463160015     
          37          38  0.94132734094342840     
          14          39   1.3187426498216046     
          15          39   1.6188370629743736     
          17          40  0.95261988198498559     
          39          40  0.92774646687826734     
          40          41  0.97711501074893192     
          41          42   1.0080818512731033     
          41          43   1.0058322601445084     
          12          44   1.5709330192814215     
          17          44   1.3333437736447584     
          44          45  0.93243277511505818     
          45          46  0.97114367097379850     
          20          47  0.98591677650454190     
          46          47  0.99143138994703151     
           9          48   1.5732883069943124     
          20          48   1.2536514413391677     
          48          49   1.0386812860152468     
          49          50   2.7470535773556142     
          23          51  0.96850216839975589     
          50          51   1.0199849480932297     
          23          52   1.0149155464511459     
          23          53   1.0138387364814780     
          51          54  0.97409795226839702     
          51          55  0.95913939717164154     
          20          56  0.98808521512661573     
          45          57  0.97953129292932106     
          56          57  0.99450299519218677     
          17          58  0.98675079254730236     
          38          59  0.96374146152136575     
          18          60  0.96295213642992283     
          59          60  0.99076478820518565     
          26          61   1.0023165906560163     
          60          61  0.97453650260492042     
          26          62  0.99725969574232154     
          18          63  0.97689666277376042     
          62          63  0.98622398277969070     
          11          64  0.96459388469267549     
          64          65  0.99954476594417074     
          36          66  0.96898590226242387     
          65          66   1.0066358940206972     
          29          67   1.2088654675218011     
           5          68   1.1552018867103908     
          67          68   1.2444150761060957     
          68          69   1.3302144110673886     
          69          70   1.5097461442048421     
          26          71   1.1105418491091117     
          70          71   1.2886951152351789     
          67          72   1.3268945374516563     
          69          72  0.10312176007926058     
          71          72   1.4081907692765272     
          45          73  0.89610137352187802     
           1          74  0.98206437121041879     
           1          75  0.98037875698902932     
           1          76  0.98203683574195122     
           4          77  0.95655048460795966     
           7          78  0.97698824934952566     
           7          79  0.97737726503915634     
           7          80  0.97638715547296051     
          13          81  0.96250073681718840     
          16          82  0.96778677278484959     
          19          83  0.96690296030700973     
          27          84  0.96273340626287696     
          27          85  0.96852686705846502     
          28          86  0.98389247931101020     
          28          87  0.98673170370154151     
          28          88  0.98632210726956737     
          30          89  0.96859235073353622     
          30          90  0.96749847599475303     
          32          91  0.98435962614711603     
          32          92  0.98524192354951490     
          32          93  0.98465450421367351     
          33          94  0.98191920811094036     
          33          95  0.98408435871589850     
          33          96  0.98077569593770519     
          34          97  0.96639587097461999     
          34          98  0.95803136203354178     
          36          99  0.95510211431241510     
           8         100  0.92962242416152319     
          38         101  0.94447797923262911     
          14         102  0.90906936502324642     
          40         103  0.94941490737160794     
          41         104  0.96370822477563178     
          42         105  0.98410485001719317     
          42         106  0.98577135038742925     
          42         107  0.98301585040992856     
          43         108  0.98363390377252280     
          43         109  0.98542667365477477     
          43         110  0.98628883057614680     
          46         111  0.97236539735631222     
          46         112  0.96338183435812219     
          47         113  0.96629228511654164     
          47         114  0.96508853470238809     
          52         115  0.97381901894010170     
          52         116  0.97900113309360237     
          52         117  0.98058359296528219     
          53         118  0.97888348541020731     
          53         119  0.97226711819800693     
          53         120  0.97998788475440279     
          54         121  0.98365512658987009     
          54         122  0.97936474912236848     
          54         123  0.98436026004774990     
          55         124  0.98490781626318902     
          55         125  0.98517674793577892     
          55         126  0.97912642923166393     
          56         127  0.96205856733096251     
          56         128  0.96432768525389334     
          57         129  0.96989108550313674     
          57         130  0.96882174797553011     
          58         131  0.96643690539474325     
          58         132  0.97187766933887354     
          58         133  0.96950496366872296     
          59         134  0.97122077164555409     
          59         135  0.96373947676775440     
          60         136  0.95540296453156959     
          61         137  0.95400434486371810     
          61         138  0.96436550057350046     
          62         139  0.96188479840102881     
          62         140  0.96688181483174529     
          63         141  0.96561299759406327     
          63         142  0.96672707504087063     
          64         143  0.96419411498804597     
          64         144  0.96441436323037899     
          65         145  0.96988695385874202     
          65         146  0.97558139208153372     
          66         147  0.97289760907386658     
          66         148  0.97343490506090902     
          69         149  0.96568467457201068     
          70         150  0.96166822791225415     
          72         151  0.95865514062488355     
